2.000000000000000000e+00 1.000000000000000000e+00 0.000000000000000000e+00 1.098612288668109782e+00 4.013877113318904399e-01 1.544313298030657311e-01 1.000000000000000000e+00 1.000000000000000000e+00 2.000000000000000000e+00 1.000000000000000000e+00
3.000000000000000000e+00 1.000000000000000000e+00 0.000000000000000000e+00 6.931471805599452862e-01 3.068528194400547138e-01 1.461284149243120556e+00 1.000000000000000000e+00 1.000000000000000000e+00 3.000000000000000000e+00 1.000000000000000000e+00
4.000000000000000000e+00 1.000000000000000000e+00 0.000000000000000000e+00 4.054651081081644404e-01 9.453489189183550412e-02 1.154431329803065731e+00 1.000000000000000000e+00 2.000000000000000000e+00 3.000000000000000000e+00 1.000000000000000000e+00
5.000000000000000000e+00 1.000000000000000000e+00 0.000000000000000000e+00 2.876820724517809014e-01 4.565126088155224693e-02 1.226563104577897079e+00 1.000000000000000000e+00 3.000000000000000000e+00 3.000000000000000000e+00 1.000000000000000000e+00
6.000000000000000000e+00 1.000000000000000000e+00 0.000000000000000000e+00 2.231435513142097093e-01 2.685644868579029065e-02 1.347578510363010906e+00 1.000000000000000000e+00 4.000000000000000000e+00 3.000000000000000000e+00 1.000000000000000000e+00
7.000000000000000000e+00 1.000000000000000000e+00 0.000000000000000000e+00 1.823215567939545922e-01 1.767844320604550212e-02 1.470722061677220083e+00 1.000000000000000000e+00 5.000000000000000000e+00 3.000000000000000000e+00 1.000000000000000000e+00
8.000000000000000000e+00 0.000000000000000000e+00 0.000000000000000000e+00 1.945910149055313010e+00 5.040898509446862796e-01 2.715278955334778033e+00 1.000000000000000000e+00 6.000000000000000000e+00 3.000000000000000000e+00 1.000000000000000000e+00
9.000000000000000000e+00 0.000000000000000000e+00 0.000000000000000000e+00 2.876820724517809014e-01 4.565126088155224693e-02 7.213177477483134759e-02 1.000000000000000000e+00 7.000000000000000000e+00 3.000000000000000000e+00 1.000000000000000000e+00
1.000000000000000000e+01 0.000000000000000000e+00 0.000000000000000000e+00 2.231435513142097093e-01 2.685644868579029065e-02 1.931471805599453972e-01 1.000000000000000000e+00 7.000000000000000000e+00 4.000000000000000000e+00 1.000000000000000000e+00
1.100000000000000000e+01 1.000000000000000000e+00 0.000000000000000000e+00 1.791759469228054957e+00 4.915738641052782576e-01 -6.126112716561129545e-01 1.000000000000000000e+00 7.000000000000000000e+00 5.000000000000000000e+00 1.000000000000000000e+00
1.200000000000000000e+01 1.000000000000000000e+00 0.000000000000000000e+00 1.335313926245226268e-01 9.325750232620499958e-03 1.692908584012720041e+00 1.000000000000000000e+00 7.000000000000000000e+00 6.000000000000000000e+00 1.000000000000000000e+00
1.300000000000000000e+01 1.000000000000000000e+00 0.000000000000000000e+00 1.177830356563835112e-01 7.216964343616183442e-03 1.790725690922956304e+00 1.000000000000000000e+00 8.000000000000000000e+00 6.000000000000000000e+00 1.000000000000000000e+00
1.400000000000000000e+01 1.000000000000000000e+00 0.000000000000000000e+00 1.053605156578262814e-01 5.750595453284823577e-03 1.880730948801561553e+00 1.000000000000000000e+00 9.000000000000000000e+00 6.000000000000000000e+00 1.000000000000000000e+00
1.500000000000000000e+01 0.000000000000000000e+00 0.000000000000000000e+00 2.397895272798370225e+00 5.310729811698835512e-01 3.638406166402351261e+00 1.000000000000000000e+00 1.000000000000000000e+01 6.000000000000000000e+00 1.000000000000000000e+00
1.600000000000000000e+01 0.000000000000000000e+00 0.000000000000000000e+00 1.541506798272582190e-01 1.251598683940824408e-02 4.319456220014430414e-01 1.000000000000000000e+00 1.100000000000000000e+01 6.000000000000000000e+00 1.000000000000000000e+00
1.700000000000000000e+01 1.000000000000000000e+00 0.000000000000000000e+00 2.079441541679835748e+00 5.134156011773063355e-01 -7.570914159872810245e-01 1.000000000000000000e+00 1.100000000000000000e+01 7.000000000000000000e+00 1.000000000000000000e+00
1.800000000000000000e+01 1.000000000000000000e+00 0.000000000000000000e+00 8.701137698962981004e-02 3.897713919461143206e-03 2.040997603859672438e+00 1.000000000000000000e+00 1.100000000000000000e+01 8.000000000000000000e+00 1.000000000000000000e+00
1.900000000000000000e+01 1.000000000000000000e+00 0.000000000000000000e+00 8.004270767353637017e-02 3.290625659796653224e-03 2.112857465697789650e+00 1.000000000000000000e+00 1.200000000000000000e+01 8.000000000000000000e+00 1.000000000000000000e+00
2.000000000000000000e+01 0.000000000000000000e+00 0.000000000000000000e+00 2.639057329615258851e+00 5.410764255184963289e-01 4.128859008958418286e+00 1.000000000000000000e+00 1.300000000000000000e+01 8.000000000000000000e+00 1.000000000000000000e+00
2.100000000000000000e+01 1.000000000000000000e+00 0.000000000000000000e+00 2.197224577336219564e+00 5.206325655209229630e-01 -8.021314519341871119e-01 1.000000000000000000e+00 1.400000000000000000e+01 8.000000000000000000e+00 1.000000000000000000e+00
2.200000000000000000e+01 1.000000000000000000e+00 0.000000000000000000e+00 6.899287148695143479e-02 2.435699941619962061e-03 2.243198621715521313e+00 1.000000000000000000e+00 1.400000000000000000e+01 9.000000000000000000e+00 1.000000000000000000e+00
2.300000000000000000e+01 1.000000000000000000e+00 0.000000000000000000e+00 6.453852113757117814e-02 2.128145529095792909e-03 2.302667683678656374e+00 1.000000000000000000e+00 1.500000000000000000e+01 9.000000000000000000e+00 1.000000000000000000e+00
2.400000000000000000e+01 0.000000000000000000e+00 0.000000000000000000e+00 2.833213344056215721e+00 5.475156491727766195e-01 4.522670534908826312e+00 1.000000000000000000e+00 1.600000000000000000e+01 9.000000000000000000e+00 1.000000000000000000e+00
2.500000000000000000e+01 1.000000000000000000e+00 0.000000000000000000e+00 2.302585092994045457e+00 5.263831609742082307e-01 -8.371261940555818626e-01 1.000000000000000000e+00 1.700000000000000000e+01 9.000000000000000000e+00 1.000000000000000000e+00
2.600000000000000000e+01 1.000000000000000000e+00 0.000000000000000000e+00 5.715841383994863661e-02 1.665115571816144779e-03 2.412144552122867935e+00 1.000000000000000000e+00 1.700000000000000000e+01 1.000000000000000000e+01 1.000000000000000000e+00
2.700000000000000000e+01 1.000000000000000000e+00 0.000000000000000000e+00 5.406722127027582120e-02 1.488334285280057401e-03 2.462767018250396234e+00 1.000000000000000000e+00 1.800000000000000000e+01 1.000000000000000000e+01 1.000000000000000000e+00
2.800000000000000000e+01 1.000000000000000000e+00 0.000000000000000000e+00 5.129329438755057813e-02 1.338284559817548569e-03 2.510986286304301984e+00 1.000000000000000000e+00 1.900000000000000000e+01 1.000000000000000000e+01 1.000000000000000000e+00
2.900000000000000000e+01 1.000000000000000000e+00 0.000000000000000000e+00 4.879016416943205564e-02 1.209835830568106729e-03 2.557016422797104838e+00 1.000000000000000000e+00 2.000000000000000000e+01 1.000000000000000000e+01 1.000000000000000000e+00
3.000000000000000000e+01 1.000000000000000000e+00 0.000000000000000000e+00 4.652001563489281677e-02 1.099031984154397179e-03 2.601044682204644687e+00 1.000000000000000000e+00 2.100000000000000000e+01 1.000000000000000000e+01 1.000000000000000000e+00
3.100000000000000000e+01 1.000000000000000000e+00 0.000000000000000000e+00 4.445176257083380961e-02 1.002782883711805795e-03 2.643235693510533224e+00 1.000000000000000000e+00 2.200000000000000000e+01 1.000000000000000000e+01 1.000000000000000000e+00
3.200000000000000000e+01 1.000000000000000000e+00 0.000000000000000000e+00 4.255961441879588941e-02 9.186464507697778004e-04 2.683734886911395279e+00 1.000000000000000000e+00 2.300000000000000000e+01 1.000000000000000000e+01 1.000000000000000000e+00
3.300000000000000000e+01 1.000000000000000000e+00 0.000000000000000000e+00 4.082199452025516567e-02 8.446721464112627586e-04 2.722671312924404674e+00 1.000000000000000000e+00 2.400000000000000000e+01 1.000000000000000000e+01 1.000000000000000000e+00
3.400000000000000000e+01 1.000000000000000000e+00 0.000000000000000000e+00 3.922071315328126695e-02 7.792868467184632664e-04 2.760159974111317638e+00 1.000000000000000000e+00 2.500000000000000000e+01 1.000000000000000000e+01 1.000000000000000000e+00
3.500000000000000000e+01 1.000000000000000000e+00 0.000000000000000000e+00 3.774032798284708556e-02 7.212104786917805654e-04 2.796303764187683782e+00 1.000000000000000000e+00 2.600000000000000000e+01 1.000000000000000000e+01 1.000000000000000000e+00
3.600000000000000000e+01 1.000000000000000000e+00 0.000000000000000000e+00 3.636764417087483270e-02 6.693928661620773823e-04 2.831195089321525415e+00 1.000000000000000000e+00 2.700000000000000000e+01 1.000000000000000000e+01 1.000000000000000000e+00
3.700000000000000000e+01 1.000000000000000000e+00 0.000000000000000000e+00 3.509131981127006084e-02 6.229659030156931010e-04 2.864917230846884877e+00 1.000000000000000000e+00 2.800000000000000000e+01 1.000000000000000000e+01 1.000000000000000000e+00
3.800000000000000000e+01 1.000000000000000000e+00 0.000000000000000000e+00 3.390155167568133926e-02 5.812069450077395061e-04 2.897545496470968374e+00 1.000000000000000000e+00 2.900000000000000000e+01 1.000000000000000000e+01 1.000000000000000000e+00
3.900000000000000000e+01 1.000000000000000000e+00 0.000000000000000000e+00 3.278982282299083839e-02 5.435105103428483631e-04 2.929148197571947776e+00 1.000000000000000000e+00 3.000000000000000000e+01 1.000000000000000000e+01 1.000000000000000000e+00
4.000000000000000000e+01 0.000000000000000000e+00 0.000000000000000000e+00 3.465735902799726542e+00 5.615092926367939441e-01 5.800343283877850808e+00 1.000000000000000000e+00 3.100000000000000000e+01 1.000000000000000000e+01 1.000000000000000000e+00
4.100000000000000000e+01 0.000000000000000000e+00 0.000000000000000000e+00 9.531017980432489323e-02 4.689820195675764580e-03 8.094379124340953524e-01 1.000000000000000000e+00 3.200000000000000000e+01 1.000000000000000000e+01 1.000000000000000000e+00
4.200000000000000000e+01 0.000000000000000000e+00 0.000000000000000000e+00 8.701137698962981004e-02 3.897713919461143206e-03 8.865662740566051525e-01 1.000000000000000000e+00 3.200000000000000000e+01 1.100000000000000000e+01 1.000000000000000000e+00
4.300000000000000000e+01 0.000000000000000000e+00 0.000000000000000000e+00 8.004270767353637017e-02 3.290625659796653224e-03 9.584261358947223641e-01 1.000000000000000000e+00 3.200000000000000000e+01 1.200000000000000000e+01 1.000000000000000000e+00
4.400000000000000000e+01 0.000000000000000000e+00 0.000000000000000000e+00 7.410797215372184887e-02 2.815104769354981329e-03 1.025648330747749526e+00 1.000000000000000000e+00 3.200000000000000000e+01 1.300000000000000000e+01 1.000000000000000000e+00
4.500000000000000000e+01 0.000000000000000000e+00 0.000000000000000000e+00 6.899287148695143479e-02 2.435699941619962061e-03 1.088767291912454027e+00 1.000000000000000000e+00 3.200000000000000000e+01 1.400000000000000000e+01 1.000000000000000000e+00
4.600000000000000000e+01 0.000000000000000000e+00 0.000000000000000000e+00 6.453852113757117814e-02 2.128145529095792909e-03 1.148236353875589089e+00 1.000000000000000000e+00 3.200000000000000000e+01 1.500000000000000000e+01 1.000000000000000000e+00
4.700000000000000000e+01 0.000000000000000000e+00 0.000000000000000000e+00 6.062462181643485382e-02 1.875378183564979651e-03 1.204441541679834415e+00 1.000000000000000000e+00 3.200000000000000000e+01 1.600000000000000000e+01 1.000000000000000000e+00
4.800000000000000000e+01 1.000000000000000000e+00 0.000000000000000000e+00 2.890371757896164961e+00 5.491807647445932083e-01 -9.685844411061310666e-01 1.000000000000000000e+00 3.200000000000000000e+01 1.700000000000000000e+01 1.000000000000000000e+00
4.900000000000000000e+01 0.000000000000000000e+00 0.000000000000000000e+00 3.496507561466481118e+00 5.619876339700398127e-01 5.862333917676295414e+00 1.000000000000000000e+00 3.200000000000000000e+01 1.800000000000000000e+01 1.000000000000000000e+00
5.000000000000000000e+01 0.000000000000000000e+00 0.000000000000000000e+00 5.406722127027570324e-02 1.488334285280057401e-03 1.308335688447328948e+00 1.000000000000000000e+00 3.300000000000000000e+01 1.800000000000000000e+01 1.000000000000000000e+00
5.100000000000000000e+01 0.000000000000000000e+00 0.000000000000000000e+00 5.129329438755057813e-02 1.338284559817548569e-03 1.356554956501234699e+00 1.000000000000000000e+00 3.300000000000000000e+01 1.900000000000000000e+01 1.000000000000000000e+00
5.200000000000000000e+01 1.000000000000000000e+00 0.000000000000000000e+00 3.044522437723423014e+00 5.532172194202589210e-01 -9.907232343465750546e-01 1.000000000000000000e+00 3.300000000000000000e+01 2.000000000000000000e+01 1.000000000000000000e+00
5.300000000000000000e+01 0.000000000000000000e+00 0.000000000000000000e+00 3.526360524616161118e+00 5.624377011233891999e-01 5.922461636949122976e+00 1.000000000000000000e+00 3.300000000000000000e+01 2.100000000000000000e+01 1.000000000000000000e+00
5.400000000000000000e+01 0.000000000000000000e+00 0.000000000000000000e+00 4.652001563489281677e-02 1.099031984154397179e-03 1.446613352401577401e+00 1.000000000000000000e+00 3.400000000000000000e+01 2.100000000000000000e+01 1.000000000000000000e+00
5.500000000000000000e+01 1.000000000000000000e+00 0.000000000000000000e+00 3.135494215929149675e+00 5.553190342881251240e-01 -1.002123011252201934e+00 1.000000000000000000e+00 3.400000000000000000e+01 2.200000000000000000e+01 1.000000000000000000e+00
5.600000000000000000e+01 1.000000000000000000e+00 0.000000000000000000e+00 2.898753687325229811e-02 4.242278326302972857e-04 3.046468203271047059e+00 1.000000000000000000e+00 3.400000000000000000e+01 2.300000000000000000e+01 1.000000000000000000e+00
5.700000000000000000e+01 0.000000000000000000e+00 0.000000000000000000e+00 3.583518938456109471e+00 5.632624805607515661e-01 6.037553728517750073e+00 1.000000000000000000e+00 3.500000000000000000e+01 2.300000000000000000e+01 1.000000000000000000e+00
5.800000000000000000e+01 1.000000000000000000e+00 0.000000000000000000e+00 3.178053830347945752e+00 5.562376807388949018e-01 -1.007078363305879520e+00 1.000000000000000000e+00 3.600000000000000000e+01 2.300000000000000000e+01 1.000000000000000000e+00
5.900000000000000000e+01 0.000000000000000000e+00 0.000000000000000000e+00 3.610917912644226568e+00 5.636412841504139237e-01 6.092708732468594235e+00 1.000000000000000000e+00 3.600000000000000000e+01 2.400000000000000000e+01 1.000000000000000000e+00
6.000000000000000000e+01 0.000000000000000000e+00 0.000000000000000000e+00 4.082199452025516567e-02 8.446721464112627586e-04 1.568239983121344494e+00 1.000000000000000000e+00 3.700000000000000000e+01 2.400000000000000000e+01 1.000000000000000000e+00
6.100000000000000000e+01 0.000000000000000000e+00 0.000000000000000000e+00 3.922071315328126695e-02 7.792868467184632664e-04 1.605728644308257458e+00 1.000000000000000000e+00 3.700000000000000000e+01 2.500000000000000000e+01 1.000000000000000000e+00
6.200000000000000000e+01 0.000000000000000000e+00 0.000000000000000000e+00 3.774032798284696760e-02 7.212104786917805654e-04 1.641872434384623602e+00 1.000000000000000000e+00 3.700000000000000000e+01 2.600000000000000000e+01 1.000000000000000000e+00
6.300000000000000000e+01 0.000000000000000000e+00 0.000000000000000000e+00 3.636764417087483270e-02 6.693928661620773823e-04 1.676763759518465235e+00 1.000000000000000000e+00 3.700000000000000000e+01 2.700000000000000000e+01 1.000000000000000000e+00
6.400000000000000000e+01 0.000000000000000000e+00 0.000000000000000000e+00 3.509131981127006084e-02 6.229659030156931010e-04 1.710485901043824697e+00 1.000000000000000000e+00 3.700000000000000000e+01 2.800000000000000000e+01 1.000000000000000000e+00
6.500000000000000000e+01 0.000000000000000000e+00 0.000000000000000000e+00 3.390155167568133926e-02 5.812069450077395061e-04 1.743114166667908194e+00 1.000000000000000000e+00 3.700000000000000000e+01 2.900000000000000000e+01 1.000000000000000000e+00
6.600000000000000000e+01 0.000000000000000000e+00 0.000000000000000000e+00 3.278982282299083839e-02 5.435105103428483631e-04 1.774716867768887596e+00 1.000000000000000000e+00 3.700000000000000000e+01 3.000000000000000000e+01 1.000000000000000000e+00
6.700000000000000000e+01 0.000000000000000000e+00 0.000000000000000000e+00 3.174869831458029812e-02 5.093662015487332440e-04 1.805356152957457994e+00 1.000000000000000000e+00 3.700000000000000000e+01 3.100000000000000000e+01 1.000000000000000000e+00
6.800000000000000000e+01 0.000000000000000000e+00 0.000000000000000000e+00 3.077165866675365957e-02 4.783413332463126721e-04 1.835088722239774484e+00 1.000000000000000000e+00 3.700000000000000000e+01 3.200000000000000000e+01 1.000000000000000000e+00
6.900000000000000000e+01 0.000000000000000000e+00 0.000000000000000000e+00 2.985296314968115955e-02 4.500671533489430942e-04 1.863966441512602046e+00 1.000000000000000000e+00 3.700000000000000000e+01 3.300000000000000000e+01 1.000000000000000000e+00
7.000000000000000000e+01 1.000000000000000000e+00 0.000000000000000000e+00 3.555348061489413514e+00 5.628619289560194972e-01 -1.042330022468505035e+00 1.000000000000000000e+00 3.700000000000000000e+01 3.400000000000000000e+01 1.000000000000000000e+00
7.100000000000000000e+01 1.000000000000000000e+00 0.000000000000000000e+00 2.666824708216129422e-02 3.587799448663275825e-04 3.126256115941401958e+00 1.000000000000000000e+00 3.700000000000000000e+01 3.500000000000000000e+01 1.000000000000000000e+00
7.200000000000000000e+01 0.000000000000000000e+00 0.000000000000000000e+00 3.663561646129645855e+00 5.643403671657036824e-01 6.198656781935483195e+00 1.000000000000000000e+00 3.800000000000000000e+01 3.500000000000000000e+01 1.000000000000000000e+00
7.300000000000000000e+01 0.000000000000000000e+00 0.000000000000000000e+00 2.817087696669633504e-02 4.005516047320689665e-04 1.919343738072328165e+00 1.000000000000000000e+00 3.900000000000000000e+01 3.500000000000000000e+01 1.000000000000000000e+00
7.400000000000000000e+01 0.000000000000000000e+00 0.000000000000000000e+00 2.739897418811438820e-02 3.788035896628016985e-04 1.945927313451733198e+00 1.000000000000000000e+00 3.900000000000000000e+01 3.600000000000000000e+01 1.000000000000000000e+00
7.500000000000000000e+01 1.000000000000000000e+00 0.000000000000000000e+00 3.637586159726385659e+00 5.640000640952802513e-01 -1.048303080853258962e+00 1.000000000000000000e+00 3.900000000000000000e+01 3.700000000000000000e+01 1.000000000000000000e+00
7.600000000000000000e+01 1.000000000000000000e+00 0.000000000000000000e+00 2.531780798428989732e-02 3.232176567351530139e-04 3.176127846654793530e+00 1.000000000000000000e+00 3.900000000000000000e+01 3.800000000000000000e+01 1.000000000000000000e+00
7.700000000000000000e+01 0.000000000000000000e+00 0.000000000000000000e+00 3.713572066704307062e+00 5.649709722320679361e-01 6.299275312490351553e+00 1.000000000000000000e+00 4.000000000000000000e+01 3.800000000000000000e+01 1.000000000000000000e+00
7.800000000000000000e+01 1.000000000000000000e+00 0.000000000000000000e+00 3.663561646129646299e+00 5.643403671657036824e-01 -1.050084335904784894e+00 1.000000000000000000e+00 4.100000000000000000e+01 3.800000000000000000e+01 1.000000000000000000e+00
7.900000000000000000e+01 0.000000000000000000e+00 0.000000000000000000e+00 3.737669618283367079e+00 5.652636645554469652e-01 6.347748412885607650e+00 1.000000000000000000e+00 4.100000000000000000e+01 3.900000000000000000e+01 1.000000000000000000e+00
8.000000000000000000e+01 0.000000000000000000e+00 0.000000000000000000e+00 2.531780798428989732e-02 3.232176567351530139e-04 2.021696516851733350e+00 1.000000000000000000e+00 4.200000000000000000e+01 3.900000000000000000e+01 1.000000000000000000e+00
8.100000000000000000e+01 0.000000000000000000e+00 0.000000000000000000e+00 2.469261259037152170e-02 3.073874096291007163e-04 2.045732273553966252e+00 1.000000000000000000e+00 4.200000000000000000e+01 4.000000000000000000e+01 1.000000000000000000e+00
8.200000000000000000e+01 0.000000000000000000e+00 0.000000000000000000e+00 2.409755157906053047e-02 2.926923233785849732e-04 2.069205373949245086e+00 1.000000000000000000e+00 4.200000000000000000e+01 4.100000000000000000e+01 1.000000000000000000e+00
8.300000000000000000e+01 0.000000000000000000e+00 0.000000000000000000e+00 2.353049741019416080e-02 2.790263993301955736e-04 2.092141485342466467e+00 1.000000000000000000e+00 4.200000000000000000e+01 4.200000000000000000e+01 1.000000000000000000e+00
8.400000000000000000e+01 0.000000000000000000e+00 0.000000000000000000e+00 2.298951822469871842e-02 2.662957287893341629e-04 2.114564563040573830e+00 1.000000000000000000e+00 4.200000000000000000e+01 4.300000000000000000e+01 1.000000000000000000e+00
8.500000000000000000e+01 0.000000000000000000e+00 0.000000000000000000e+00 2.247285585205862843e-02 2.544168752138808998e-04 2.136496998812873471e+00 1.000000000000000000e+00 4.200000000000000000e+01 4.400000000000000000e+01 1.000000000000000000e+00
8.600000000000000000e+01 1.000000000000000000e+00 0.000000000000000000e+00 3.828641396489095072e+00 5.663067190622270708e-01 -1.060334809871250172e+00 1.000000000000000000e+00 4.200000000000000000e+01 4.500000000000000000e+01 1.000000000000000000e+00
8.700000000000000000e+01 1.000000000000000000e+00 0.000000000000000000e+00 2.353049741019416080e-02 2.790263993301955736e-04 3.246572815145526647e+00 1.000000000000000000e+00 4.200000000000000000e+01 4.600000000000000000e+01 1.000000000000000000e+00
8.800000000000000000e+01 1.000000000000000000e+00 0.000000000000000000e+00 2.298951822469871842e-02 2.662957287893341629e-04 3.268995892843634010e+00 1.000000000000000000e+00 4.300000000000000000e+01 4.600000000000000000e+01 1.000000000000000000e+00
8.900000000000000000e+01 1.000000000000000000e+00 0.000000000000000000e+00 2.247285585205862843e-02 2.544168752138808998e-04 3.290928328615933651e+00 1.000000000000000000e+00 4.400000000000000000e+01 4.600000000000000000e+01 1.000000000000000000e+00
9.000000000000000000e+01 1.000000000000000000e+00 0.000000000000000000e+00 2.197890671877522975e-02 2.433155034471390366e-04 3.312391083457868035e+00 1.000000000000000000e+00 4.500000000000000000e+01 4.600000000000000000e+01 1.000000000000000000e+00
9.100000000000000000e+01 1.000000000000000000e+00 0.000000000000000000e+00 2.150620522096361939e-02 2.329252138193460553e-04 3.333403806601779706e+00 1.000000000000000000e+00 4.600000000000000000e+01 4.600000000000000000e+01 1.000000000000000000e+00
9.200000000000000000e+01 1.000000000000000000e+00 0.000000000000000000e+00 2.105340919783238104e-02 2.231865468482752135e-04 3.353984942442536976e+00 1.000000000000000000e+00 4.700000000000000000e+01 4.600000000000000000e+01 1.000000000000000000e+00
9.300000000000000000e+01 0.000000000000000000e+00 0.000000000000000000e+00 3.891820298110625576e+00 5.669768769534924147e-01 6.657684338745411878e+00 1.000000000000000000e+00 4.800000000000000000e+01 4.600000000000000000e+01 1.000000000000000000e+00
9.400000000000000000e+01 0.000000000000000000e+00 0.000000000000000000e+00 2.150620522096361939e-02 2.329252138193460553e-04 2.178972476798719526e+00 1.000000000000000000e+00 4.900000000000000000e+01 4.600000000000000000e+01 1.000000000000000000e+00
9.500000000000000000e+01 0.000000000000000000e+00 0.000000000000000000e+00 2.105340919783238104e-02 2.231865468482752135e-04 2.199553612639476796e+00 1.000000000000000000e+00 4.900000000000000000e+01 4.700000000000000000e+01 1.000000000000000000e+00
9.600000000000000000e+01 0.000000000000000000e+00 0.000000000000000000e+00 2.061928720273570326e-02 2.140461305977225948e-04 2.219720497014606053e+00 1.000000000000000000e+00 4.900000000000000000e+01 4.800000000000000000e+01 1.000000000000000000e+00
9.700000000000000000e+01 1.000000000000000000e+00 0.000000000000000000e+00 3.912023005428145961e+00 5.671823329012792847e-01 -1.064876401179731147e+00 1.000000000000000000e+00 4.900000000000000000e+01 4.900000000000000000e+01 1.000000000000000000e+00
9.800000000000000000e+01 0.000000000000000000e+00 0.000000000000000000e+00 3.912023005428145073e+00 5.671823329012792847e-01 6.698286619145392251e+00 1.000000000000000000e+00 4.900000000000000000e+01 5.000000000000000000e+01 1.000000000000000000e+00
9.900000000000000000e+01 0.000000000000000000e+00 0.000000000000000000e+00 1.980262729617975406e-02 1.973727038202532924e-04 2.258875824868226800e+00 1.000000000000000000e+00 5.000000000000000000e+01 5.000000000000000000e+01 1.000000000000000000e+00
1.000000000000000000e+02 0.000000000000000000e+00 0.000000000000000000e+00 1.941808585710162738e-02 1.897572801539126885e-04 2.277894138438853133e+00 1.000000000000000000e+00 5.000000000000000000e+01 5.100000000000000000e+01 1.000000000000000000e+00
1.010000000000000000e+02 0.000000000000000000e+00 0.000000000000000000e+00 1.904819497069447365e-02 1.825742600742863431e-04 2.296558076483023569e+00 1.000000000000000000e+00 5.000000000000000000e+01 5.200000000000000000e+01 1.000000000000000000e+00
1.020000000000000000e+02 0.000000000000000000e+00 0.000000000000000000e+00 1.869213301215252171e-02 1.757915161495482437e-04 2.314880582048772339e+00 1.000000000000000000e+00 5.000000000000000000e+01 5.300000000000000000e+01 1.000000000000000000e+00
1.030000000000000000e+02 1.000000000000000000e+00 0.000000000000000000e+00 4.007333185232471173e+00 5.680972085117983461e-01 -1.069606642381302208e+00 1.000000000000000000e+00 5.000000000000000000e+01 5.400000000000000000e+01 1.000000000000000000e+00
1.040000000000000000e+02 1.000000000000000000e+00 0.000000000000000000e+00 1.980262729617975406e-02 1.973727038202532924e-04 3.413307154671286980e+00 1.000000000000000000e+00 5.000000000000000000e+01 5.500000000000000000e+01 1.000000000000000000e+00
1.050000000000000000e+02 1.000000000000000000e+00 0.000000000000000000e+00 1.941808585710162738e-02 1.897572801539126885e-04 3.432325468241913313e+00 1.000000000000000000e+00 5.100000000000000000e+01 5.500000000000000000e+01 1.000000000000000000e+00
1.060000000000000000e+02 0.000000000000000000e+00 0.000000000000000000e+00 3.970291913552121965e+00 5.677520371453268488e-01 6.815371257949692563e+00 1.000000000000000000e+00 5.200000000000000000e+01 5.500000000000000000e+01 1.000000000000000000e+00
1.070000000000000000e+02 0.000000000000000000e+00 0.000000000000000000e+00 1.801850550267836484e-02 1.633126791400485445e-04 2.350549641036138837e+00 1.000000000000000000e+00 5.300000000000000000e+01 5.500000000000000000e+01 1.000000000000000000e+00
1.080000000000000000e+02 0.000000000000000000e+00 0.000000000000000000e+00 1.769957709940097462e-02 1.575657577417288735e-04 2.367918795889522698e+00 1.000000000000000000e+00 5.300000000000000000e+01 5.600000000000000000e+01 1.000000000000000000e+00
1.090000000000000000e+02 0.000000000000000000e+00 0.000000000000000000e+00 1.739174271186922152e-02 1.521169372535879916e-04 2.384991806572884343e+00 1.000000000000000000e+00 5.300000000000000000e+01 5.700000000000000000e+01 1.000000000000000000e+00
1.100000000000000000e+02 0.000000000000000000e+00 0.000000000000000000e+00 1.709443335930006802e-02 1.469459510436976757e-04 2.401778588607186293e+00 1.000000000000000000e+00 5.300000000000000000e+01 5.800000000000000000e+01 1.000000000000000000e+00
1.110000000000000000e+02 0.000000000000000000e+00 0.000000000000000000e+00 1.680711831638128859e-02 1.420342259921270056e-04 2.418288568430511987e+00 1.000000000000000000e+00 5.300000000000000000e+01 5.900000000000000000e+01 1.000000000000000000e+00
1.120000000000000000e+02 0.000000000000000000e+00 0.000000000000000000e+00 1.652930195121058224e-02 1.373647154565560413e-04 2.434530714995418066e+00 1.000000000000000000e+00 5.300000000000000000e+01 6.000000000000000000e+01 1.000000000000000000e+00
1.130000000000000000e+02 0.000000000000000000e+00 0.000000000000000000e+00 1.626052087178029085e-02 1.329217511703006949e-04 2.450513568859264524e+00 1.000000000000000000e+00 5.300000000000000000e+01 6.100000000000000000e+01 1.000000000000000000e+00
1.140000000000000000e+02 0.000000000000000000e+00 0.000000000000000000e+00 1.600034134644107500e-02 1.286909116231527150e-04 2.466245269001291263e+00 1.000000000000000000e+00 5.300000000000000000e+01 6.200000000000000000e+01 1.000000000000000000e+00
1.150000000000000000e+02 1.000000000000000000e+00 0.000000000000000000e+00 4.158883083359671495e+00 5.693828203460968851e-01 -1.076227980452074462e+00 1.000000000000000000e+00 5.300000000000000000e+01 6.300000000000000000e+01 1.000000000000000000e+00
1.160000000000000000e+02 0.000000000000000000e+00 0.000000000000000000e+00 3.988984046564275854e+00 5.679278286614772853e-01 6.852924532746214936e+00 1.000000000000000000e+00 5.300000000000000000e+01 6.400000000000000000e+01 1.000000000000000000e+00
1.170000000000000000e+02 0.000000000000000000e+00 0.000000000000000000e+00 1.550418653596519897e-02 1.208134640338087706e-04 2.496985902799735868e+00 1.000000000000000000e+00 5.400000000000000000e+01 6.400000000000000000e+01 1.000000000000000000e+00
1.180000000000000000e+02 1.000000000000000000e+00 0.000000000000000000e+00 4.189654742026425183e+00 5.696207770639585277e-01 -1.077450253797735513e+00 1.000000000000000000e+00 5.400000000000000000e+01 6.500000000000000000e+01 1.000000000000000000e+00
1.190000000000000000e+02 1.000000000000000000e+00 0.000000000000000000e+00 1.834913866819654071e-02 1.693798503215049323e-04 3.487305232844448710e+00 1.000000000000000000e+00 5.400000000000000000e+01 6.600000000000000000e+01 1.000000000000000000e+00
1.200000000000000000e+02 1.000000000000000000e+00 0.000000000000000000e+00 1.801850550267836484e-02 1.633126791400485445e-04 3.504980970839199017e+00 1.000000000000000000e+00 5.500000000000000000e+01 6.600000000000000000e+01 1.000000000000000000e+00
1.210000000000000000e+02 0.000000000000000000e+00 0.000000000000000000e+00 4.043051267834546714e+00 5.684180869486814558e-01 6.961531007815608518e+00 1.000000000000000000e+00 5.600000000000000000e+01 6.600000000000000000e+01 1.000000000000000000e+00
1.220000000000000000e+02 0.000000000000000000e+00 0.000000000000000000e+00 1.503787736454055904e-02 1.136377869750404557e-04 2.526810591769503844e+00 1.000000000000000000e+00 5.700000000000000000e+01 6.600000000000000000e+01 1.000000000000000000e+00
1.230000000000000000e+02 0.000000000000000000e+00 0.000000000000000000e+00 1.481508578514058663e-02 1.102873491873879175e-04 2.541396185099699778e+00 1.000000000000000000e+00 5.700000000000000000e+01 6.700000000000000000e+01 1.000000000000000000e+00
1.240000000000000000e+02 0.000000000000000000e+00 0.000000000000000000e+00 1.459879942115263618e-02 1.070829317901811351e-04 2.555772289321964763e+00 1.000000000000000000e+00 5.700000000000000000e+01 6.800000000000000000e+01 1.000000000000000000e+00
1.250000000000000000e+02 1.000000000000000000e+00 0.000000000000000000e+00 4.248495242049359355e+00 5.700558013029990434e-01 -1.079682128642332373e+00 1.000000000000000000e+00 5.700000000000000000e+01 6.900000000000000000e+01 1.000000000000000000e+00
1.260000000000000000e+02 1.000000000000000000e+00 0.000000000000000000e+00 1.739174271186922152e-02 1.521169372535879916e-04 3.539423136375944523e+00 1.000000000000000000e+00 5.700000000000000000e+01 7.000000000000000000e+01 1.000000000000000000e+00
1.270000000000000000e+02 1.000000000000000000e+00 0.000000000000000000e+00 1.709443335930006802e-02 1.469459510436976757e-04 3.556209918410246473e+00 1.000000000000000000e+00 5.800000000000000000e+01 7.000000000000000000e+01 1.000000000000000000e+00
1.280000000000000000e+02 1.000000000000000000e+00 0.000000000000000000e+00 1.680711831638128859e-02 1.420342259921270056e-04 3.572719898233572167e+00 1.000000000000000000e+00 5.900000000000000000e+01 7.000000000000000000e+01 1.000000000000000000e+00
1.290000000000000000e+02 0.000000000000000000e+00 0.000000000000000000e+00 4.110873864173310466e+00 5.689965487784265363e-01 7.097734461280481355e+00 1.000000000000000000e+00 6.000000000000000000e+01 7.000000000000000000e+01 1.000000000000000000e+00
1.300000000000000000e+02 0.000000000000000000e+00 0.000000000000000000e+00 1.418463499195641263e-02 1.010792937581328488e-04 2.583919490060907265e+00 1.000000000000000000e+00 6.100000000000000000e+01 7.000000000000000000e+01 1.000000000000000000e+00
1.310000000000000000e+02 1.000000000000000000e+00 0.000000000000000000e+00 4.276666119016055312e+00 5.702551456642694916e-01 -1.080703717269159370e+00 1.000000000000000000e+00 6.100000000000000000e+01 7.100000000000000000e+01 1.000000000000000000e+00
1.320000000000000000e+02 0.000000000000000000e+00 0.000000000000000000e+00 4.127134385045092557e+00 5.691294705295968370e-01 7.130383981811007743e+00 1.000000000000000000e+00 6.100000000000000000e+01 7.200000000000000000e+01 1.000000000000000000e+00
1.330000000000000000e+02 1.000000000000000000e+00 0.000000000000000000e+00 4.290459441148390951e+00 5.703507124208222479e-01 -1.081193218643363707e+00 1.000000000000000000e+00 6.200000000000000000e+01 7.200000000000000000e+01 1.000000000000000000e+00
1.340000000000000000e+02 1.000000000000000000e+00 0.000000000000000000e+00 1.600034134644118949e-02 1.286909116231527150e-04 3.620676598804351443e+00 1.000000000000000000e+00 6.200000000000000000e+01 7.300000000000000000e+01 1.000000000000000000e+00
1.350000000000000000e+02 1.000000000000000000e+00 0.000000000000000000e+00 1.574835696813916761e-02 1.246589048768953489e-04 3.636164907380674549e+00 1.000000000000000000e+00 6.300000000000000000e+01 7.300000000000000000e+01 1.000000000000000000e+00
1.360000000000000000e+02 0.000000000000000000e+00 0.000000000000000000e+00 4.174387269895640351e+00 5.695036338101315820e-01 7.225251806505468721e+00 1.000000000000000000e+00 6.400000000000000000e+01 7.300000000000000000e+01 1.000000000000000000e+00
1.370000000000000000e+02 0.000000000000000000e+00 0.000000000000000000e+00 1.360565205577859808e-02 9.297808120756201333e-05 2.624709520862381851e+00 1.000000000000000000e+00 6.500000000000000000e+01 7.300000000000000000e+01 1.000000000000000000e+00
1.380000000000000000e+02 0.000000000000000000e+00 0.000000000000000000e+00 1.342302033214066125e-02 9.049318137233086645e-05 2.637944939671285738e+00 1.000000000000000000e+00 6.500000000000000000e+01 7.400000000000000000e+01 1.000000000000000000e+00
1.390000000000000000e+02 0.000000000000000000e+00 0.000000000000000000e+00 1.324522675002067981e-02 8.810658331270815324e-05 2.651007599642980495e+00 1.000000000000000000e+00 6.500000000000000000e+01 7.500000000000000000e+01 1.000000000000000000e+00
1.400000000000000000e+02 1.000000000000000000e+00 0.000000000000000000e+00 4.343805421853684123e+00 5.707081034362051497e-01 -1.083022351549971063e+00 1.000000000000000000e+00 6.500000000000000000e+01 7.600000000000000000e+01 1.000000000000000000e+00
1.410000000000000000e+02 1.000000000000000000e+00 0.000000000000000000e+00 1.526747213078842071e-02 1.171432538278338598e-04 3.666440649907997340e+00 1.000000000000000000e+00 6.500000000000000000e+01 7.700000000000000000e+01 1.000000000000000000e+00
1.420000000000000000e+02 1.000000000000000000e+00 0.000000000000000000e+00 1.503787736454055904e-02 1.136377869750404557e-04 3.681241921572564024e+00 1.000000000000000000e+00 6.600000000000000000e+01 7.700000000000000000e+01 1.000000000000000000e+00
1.430000000000000000e+02 1.000000000000000000e+00 0.000000000000000000e+00 1.481508578514058663e-02 1.102873491873879175e-04 3.695827514902759958e+00 1.000000000000000000e+00 6.700000000000000000e+01 7.700000000000000000e+01 1.000000000000000000e+00
1.440000000000000000e+02 0.000000000000000000e+00 0.000000000000000000e+00 4.234106504597262344e+00 5.699517851319102490e-01 7.345124696698235311e+00 1.000000000000000000e+00 6.800000000000000000e+01 7.700000000000000000e+01 1.000000000000000000e+00
1.450000000000000000e+02 0.000000000000000000e+00 0.000000000000000000e+00 1.290340483590784147e-02 8.360815110552977103e-05 2.676632267267791576e+00 1.000000000000000000e+00 6.900000000000000000e+01 7.700000000000000000e+01 1.000000000000000000e+00
1.460000000000000000e+02 0.000000000000000000e+00 0.000000000000000000e+00 1.273902577742971366e-02 8.148704308297283205e-05 2.689202671770658526e+00 1.000000000000000000e+00 6.900000000000000000e+01 7.800000000000000000e+01 1.000000000000000000e+00
1.470000000000000000e+02 1.000000000000000000e+00 0.000000000000000000e+00 4.382026634673881205e+00 5.709526442716343908e-01 -1.084272593691082420e+00 1.000000000000000000e+00 6.900000000000000000e+01 7.900000000000000000e+01 1.000000000000000000e+00
1.480000000000000000e+02 1.000000000000000000e+00 0.000000000000000000e+00 1.438873745209955611e-02 1.040161710870179945e-04 3.724376161086809134e+00 1.000000000000000000e+00 6.900000000000000000e+01 8.000000000000000000e+01 1.000000000000000000e+00
1.490000000000000000e+02 1.000000000000000000e+00 0.000000000000000000e+00 1.418463499195641263e-02 1.010792937581328488e-04 3.738350819863967445e+00 1.000000000000000000e+00 7.000000000000000000e+01 8.000000000000000000e+01 1.000000000000000000e+00
1.500000000000000000e+02 1.000000000000000000e+00 0.000000000000000000e+00 1.398624197473983914e-02 9.826506751320351896e-05 3.752133040368960337e+00 1.000000000000000000e+00 7.100000000000000000e+01 8.000000000000000000e+01 1.000000000000000000e+00
1.510000000000000000e+02 0.000000000000000000e+00 0.000000000000000000e+00 4.290459441148387398e+00 5.703507124208222479e-01 7.458217980914184864e+00 1.000000000000000000e+00 7.200000000000000000e+01 8.000000000000000000e+01 1.000000000000000000e+00
1.520000000000000000e+02 1.000000000000000000e+00 0.000000000000000000e+00 4.394449154672439128e+00 5.710301242730793092e-01 -1.084668495028608959e+00 1.000000000000000000e+00 7.300000000000000000e+01 8.000000000000000000e+01 1.000000000000000000e+00
1.530000000000000000e+02 0.000000000000000000e+00 0.000000000000000000e+00 4.304065093204171966e+00 5.704436905020315862e-01 7.485519674431600379e+00 1.000000000000000000e+00 7.300000000000000000e+01 8.100000000000000000e+01 1.000000000000000000e+00
1.540000000000000000e+02 0.000000000000000000e+00 0.000000000000000000e+00 1.227009259181435948e-02 7.558642053062669675e-05 2.725993332137250036e+00 1.000000000000000000e+00 7.400000000000000000e+01 8.100000000000000000e+01 1.000000000000000000e+00
1.550000000000000000e+02 1.000000000000000000e+00 0.000000000000000000e+00 4.418840607796598263e+00 5.711794721124840990e-01 -1.085431317548000152e+00 1.000000000000000000e+00 7.400000000000000000e+01 8.200000000000000000e+01 1.000000000000000000e+00
1.560000000000000000e+02 0.000000000000000000e+00 0.000000000000000000e+00 4.317488113536311900e+00 5.705341836834039171e-01 7.512453723377518600e+00 1.000000000000000000e+00 7.400000000000000000e+01 8.300000000000000000e+01 1.000000000000000000e+00
1.570000000000000000e+02 1.000000000000000000e+00 0.000000000000000000e+00 4.430816798843313364e+00 5.712514738368517087e-01 -1.085798937327126623e+00 1.000000000000000000e+00 7.500000000000000000e+01 8.300000000000000000e+01 1.000000000000000000e+00
1.580000000000000000e+02 1.000000000000000000e+00 0.000000000000000000e+00 1.324522675002067981e-02 8.810658331270815324e-05 3.805438929446040675e+00 1.000000000000000000e+00 7.500000000000000000e+01 8.400000000000000000e+01 1.000000000000000000e+00
1.590000000000000000e+02 0.000000000000000000e+00 0.000000000000000000e+00 4.343805421853683235e+00 5.707081034362051497e-01 7.565257579753108530e+00 1.000000000000000000e+00 7.600000000000000000e+01 8.400000000000000000e+01 1.000000000000000000e+00
1.600000000000000000e+02 1.000000000000000000e+00 0.000000000000000000e+00 4.442651256490316669e+00 5.713217780946111546e-01 -1.086157800784292249e+00 1.000000000000000000e+00 7.700000000000000000e+01 8.400000000000000000e+01 1.000000000000000000e+00
1.610000000000000000e+02 1.000000000000000000e+00 0.000000000000000000e+00 1.290340483590784147e-02 8.360815110552977103e-05 3.831063597070851756e+00 1.000000000000000000e+00 7.700000000000000000e+01 8.500000000000000000e+01 1.000000000000000000e+00
1.620000000000000000e+02 1.000000000000000000e+00 0.000000000000000000e+00 1.273902577742971366e-02 8.148704308297283205e-05 3.843634001573718706e+00 1.000000000000000000e+00 7.800000000000000000e+01 8.500000000000000000e+01 1.000000000000000000e+00
1.630000000000000000e+02 0.000000000000000000e+00 0.000000000000000000e+00 4.382026634673884757e+00 5.709526442716343908e-01 7.641938178700684148e+00 1.000000000000000000e+00 7.900000000000000000e+01 8.500000000000000000e+01 1.000000000000000000e+00
1.640000000000000000e+02 0.000000000000000000e+00 0.000000000000000000e+00 1.169603976319129844e-02 6.866611916223064327e-05 2.773033487695045096e+00 1.000000000000000000e+00 8.000000000000000000e+01 8.500000000000000000e+01 1.000000000000000000e+00
1.650000000000000000e+02 1.000000000000000000e+00 0.000000000000000000e+00 4.465908118654583703e+00 5.714575287894412270e-01 -1.086850481017165748e+00 1.000000000000000000e+00 8.000000000000000000e+01 8.600000000000000000e+01 1.000000000000000000e+00
1.660000000000000000e+02 1.000000000000000000e+00 0.000000000000000000e+00 1.242251999855720906e-02 7.748000144314204363e-05 3.868310783916854234e+00 1.000000000000000000e+00 8.000000000000000000e+01 8.700000000000000000e+01 1.000000000000000000e+00
1.670000000000000000e+02 1.000000000000000000e+00 0.000000000000000000e+00 1.227009259181435948e-02 7.558642053062669675e-05 3.880424661940310216e+00 1.000000000000000000e+00 8.100000000000000000e+01 8.700000000000000000e+01 1.000000000000000000e+00
1.680000000000000000e+02 1.000000000000000000e+00 0.000000000000000000e+00 1.212136053234484992e-02 7.376141887416309828e-05 3.892393640409864020e+00 1.000000000000000000e+00 8.200000000000000000e+01 8.700000000000000000e+01 1.000000000000000000e+00
1.690000000000000000e+02 1.000000000000000000e+00 0.000000000000000000e+00 1.197619104671564932e-02 7.200172436849783253e-05 3.904221142581945969e+00 1.000000000000000000e+00 8.300000000000000000e+01 8.700000000000000000e+01 1.000000000000000000e+00
1.700000000000000000e+02 1.000000000000000000e+00 0.000000000000000000e+00 1.183445764700279644e-02 7.030425775944593170e-05 3.915910471895870160e+00 1.000000000000000000e+00 8.400000000000000000e+01 8.700000000000000000e+01 1.000000000000000000e+00
1.710000000000000000e+02 1.000000000000000000e+00 0.000000000000000000e+00 1.169603976319129844e-02 6.866611916223064327e-05 3.927464817498105276e+00 1.000000000000000000e+00 8.500000000000000000e+01 8.700000000000000000e+01 1.000000000000000000e+00
1.720000000000000000e+02 1.000000000000000000e+00 0.000000000000000000e+00 1.156082240107597116e-02 6.708457566784176151e-05 3.938887259450098099e+00 1.000000000000000000e+00 8.600000000000000000e+01 8.700000000000000000e+01 1.000000000000000000e+00
1.730000000000000000e+02 1.000000000000000000e+00 0.000000000000000000e+00 1.142869582362274379e-02 6.555704994148925380e-05 3.950180773644774490e+00 1.000000000000000000e+00 8.700000000000000000e+01 8.700000000000000000e+01 1.000000000000000000e+00
1.740000000000000000e+02 1.000000000000000000e+00 0.000000000000000000e+00 1.129955525393339447e-02 6.408110970212987922e-05 3.961348236448657190e+00 1.000000000000000000e+00 8.800000000000000000e+01 8.700000000000000000e+01 1.000000000000000000e+00
1.750000000000000000e+02 1.000000000000000000e+00 0.000000000000000000e+00 1.117330059812518886e-02 6.265445805464509021e-05 3.972392429087619803e+00 1.000000000000000000e+00 8.900000000000000000e+01 8.700000000000000000e+01 1.000000000000000000e+00
1.760000000000000000e+02 1.000000000000000000e+00 0.000000000000000000e+00 1.104983618658493538e-02 6.127492452545624246e-05 3.983316041795603724e+00 1.000000000000000000e+00 9.000000000000000000e+01 8.700000000000000000e+01 1.000000000000000000e+00
1.770000000000000000e+02 0.000000000000000000e+00 0.000000000000000000e+00 4.521788577049036029e+00 5.717710367884869527e-01 7.922260950783424960e+00 1.000000000000000000e+00 9.100000000000000000e+01 8.700000000000000000e+01 1.000000000000000000e+00
1.780000000000000000e+02 0.000000000000000000e+00 0.000000000000000000e+00 1.142869582362274379e-02 6.555704994148925380e-05 2.795749443841714310e+00 1.000000000000000000e+00 9.200000000000000000e+01 8.700000000000000000e+01 1.000000000000000000e+00
1.790000000000000000e+02 0.000000000000000000e+00 0.000000000000000000e+00 1.129955525393339447e-02 6.408110970212987922e-05 2.806916906645597010e+00 1.000000000000000000e+00 9.200000000000000000e+01 8.800000000000000000e+01 1.000000000000000000e+00
1.800000000000000000e+02 0.000000000000000000e+00 0.000000000000000000e+00 1.117330059812518886e-02 6.265445805464509021e-05 2.817961099284559623e+00 1.000000000000000000e+00 9.200000000000000000e+01 8.900000000000000000e+01 1.000000000000000000e+00
1.810000000000000000e+02 0.000000000000000000e+00 0.000000000000000000e+00 1.104983618658493538e-02 6.127492452545624246e-05 2.828884711992543544e+00 1.000000000000000000e+00 9.200000000000000000e+01 9.000000000000000000e+01 1.000000000000000000e+00
1.820000000000000000e+02 1.000000000000000000e+00 0.000000000000000000e+00 4.521788577049040470e+00 5.717710367884869527e-01 -1.088448925110526488e+00 1.000000000000000000e+00 9.200000000000000000e+01 9.100000000000000000e+01 1.000000000000000000e+00
1.830000000000000000e+02 0.000000000000000000e+00 0.000000000000000000e+00 4.532599493153257164e+00 5.718296859016600564e-01 7.943940140761469593e+00 1.000000000000000000e+00 9.200000000000000000e+01 9.200000000000000000e+01 1.000000000000000000e+00
1.840000000000000000e+02 0.000000000000000000e+00 0.000000000000000000e+00 1.081091610421561731e-02 5.864911317399190693e-05 2.850380526923913749e+00 1.000000000000000000e+00 9.300000000000000000e+01 9.200000000000000000e+01 1.000000000000000000e+00
1.850000000000000000e+02 0.000000000000000000e+00 0.000000000000000000e+00 1.069528911674791881e-02 5.739905529633659853e-05 2.860957688937332932e+00 1.000000000000000000e+00 9.300000000000000000e+01 9.300000000000000000e+01 1.000000000000000000e+00
1.860000000000000000e+02 0.000000000000000000e+00 0.000000000000000000e+00 1.058210933053697206e-02 5.618854180333698878e-05 2.871424197454700789e+00 1.000000000000000000e+00 9.300000000000000000e+01 9.400000000000000000e+01 1.000000000000000000e+00
1.870000000000000000e+02 0.000000000000000000e+00 0.000000000000000000e+00 1.047129986729536562e-02 5.501592217793671580e-05 2.881782342619601422e+00 1.000000000000000000e+00 9.300000000000000000e+01 9.500000000000000000e+01 1.000000000000000000e+00
1.880000000000000000e+02 0.000000000000000000e+00 0.000000000000000000e+00 1.036278703554654665e-02 5.387963112024607426e-05 2.892034344241210420e+00 1.000000000000000000e+00 9.300000000000000000e+01 9.600000000000000000e+01 1.000000000000000000e+00
1.890000000000000000e+02 0.000000000000000000e+00 0.000000000000000000e+00 1.025650016718910977e-02 5.277818332771744281e-05 2.902182354644367024e+00 1.000000000000000000e+00 9.300000000000000000e+01 9.700000000000000000e+01 1.000000000000000000e+00
1.900000000000000000e+02 0.000000000000000000e+00 0.000000000000000000e+00 1.015237146401796152e-02 5.171016863325661461e-05 2.912228461376059840e+00 1.000000000000000000e+00 9.300000000000000000e+01 9.800000000000000000e+01 1.000000000000000000e+00
1.910000000000000000e+02 0.000000000000000000e+00 0.000000000000000000e+00 1.005033585350145059e-02 5.067424751015181528e-05 2.922174689776568357e+00 1.000000000000000000e+00 9.300000000000000000e+01 9.900000000000000000e+01 1.000000000000000000e+00
1.920000000000000000e+02 0.000000000000000000e+00 0.000000000000000000e+00 9.950330853168092016e-03 4.966914683102174877e-05 2.932023005428163742e+00 1.000000000000000000e+00 9.300000000000000000e+01 1.000000000000000000e+02 1.000000000000000000e+00
1.930000000000000000e+02 0.000000000000000000e+00 0.000000000000000000e+00 9.852296443011594393e-03 4.869365599713404436e-05 2.941775316479436242e+00 1.000000000000000000e+00 9.300000000000000000e+01 1.010000000000000000e+02 1.000000000000000000e+00
1.940000000000000000e+02 0.000000000000000000e+00 0.000000000000000000e+00 9.756174945364685241e-03 4.774662326401113432e-05 2.951433475861506395e+00 1.000000000000000000e+00 9.300000000000000000e+01 1.020000000000000000e+02 1.000000000000000000e+00
1.950000000000000000e+02 0.000000000000000000e+00 0.000000000000000000e+00 9.661910911736858870e-03 4.682695234059508493e-05 2.960999283397939053e+00 1.000000000000000000e+00 9.300000000000000000e+01 1.030000000000000000e+02 1.000000000000000000e+00
1.960000000000000000e+02 0.000000000000000000e+00 0.000000000000000000e+00 9.569451016150672465e-03 4.593359923354967123e-05 2.970474487812282405e+00 1.000000000000000000e+00 9.300000000000000000e+01 1.040000000000000000e+02 1.000000000000000000e+00
1.970000000000000000e+02 0.000000000000000000e+00 0.000000000000000000e+00 9.478743954543769959e-03 4.506556926653360051e-05 2.979860788645112279e+00 1.000000000000000000e+00 9.300000000000000000e+01 1.050000000000000000e+02 1.000000000000000000e+00
1.980000000000000000e+02 0.000000000000000000e+00 0.000000000000000000e+00 9.389740349839031594e-03 4.422191431174837817e-05 2.989159838080411191e+00 1.000000000000000000e+00 9.300000000000000000e+01 1.060000000000000000e+02 1.000000000000000000e+00
1.990000000000000000e+02 1.000000000000000000e+00 0.000000000000000000e+00 4.682131227124219919e+00 5.725788908429825241e-01 -1.092559751084536401e+00 1.000000000000000000e+00 9.300000000000000000e+01 1.070000000000000000e+02 1.000000000000000000e+00
