2.000000000000000000e+00 1.000000000000000000e+00 1.000000000000000000e+00 1.098612288668109782e+00 4.013877113318904399e-01 1.000000000000000000e+00 1.000000000000000000e+00 2.000000000000000000e+00
3.000000000000000000e+00 0.000000000000000000e+00 1.000000000000000000e+00 6.931471805599452862e-01 1.401861527733876400e-01 2.652789553347765228e-01 2.000000000000000000e+00 2.000000000000000000e+00
4.000000000000000000e+00 0.000000000000000000e+00 1.000000000000000000e+00 9.162907318741549956e-01 1.670426014591779307e-01 6.250928025613884387e-01 3.000000000000000000e+00 2.000000000000000000e+00
5.000000000000000000e+00 1.000000000000000000e+00 1.000000000000000000e+00 6.931471805599452862e-01 9.018615277338826175e-02 3.580502011022099751e-01 3.000000000000000000e+00 3.000000000000000000e+00
6.000000000000000000e+00 0.000000000000000000e+00 1.000000000000000000e+00 5.596157879354227704e-01 5.705087873124403686e-02 2.678640483288221574e-01 3.000000000000000000e+00 4.000000000000000000e+00
7.000000000000000000e+00 0.000000000000000000e+00 1.000000000000000000e+00 6.931471805599452862e-01 6.637662896386409273e-02 4.508761944303110170e-01 4.000000000000000000e+00 4.000000000000000000e+00
8.000000000000000000e+00 1.000000000000000000e+00 1.000000000000000000e+00 8.109302162163287697e-01 7.359359330748027617e-02 6.344995654664469242e-01 4.000000000000000000e+00 5.000000000000000000e+00
9.000000000000000000e+00 0.000000000000000000e+00 1.000000000000000000e+00 5.108256237659907217e-01 3.480929686892997310e-02 3.599846430669781938e-01 4.000000000000000000e+00 6.000000000000000000e+00
1.000000000000000000e+01 1.000000000000000000e+00 1.000000000000000000e+00 7.884573603642701656e-01 5.717756027065101776e-02 6.806404543062107848e-01 5.000000000000000000e+00 6.000000000000000000e+00
1.100000000000000000e+01 0.000000000000000000e+00 1.000000000000000000e+00 5.389965007326871227e-01 3.088084414465797067e-02 4.562928523931191194e-01 5.000000000000000000e+00 7.000000000000000000e+00
1.200000000000000000e+01 0.000000000000000000e+00 1.000000000000000000e+00 6.190392084062235067e-01 3.417146980445373572e-02 5.618842448696774738e-01 6.000000000000000000e+00 7.000000000000000000e+00
1.300000000000000000e+01 0.000000000000000000e+00 1.000000000000000000e+00 5.596157879354227704e-01 2.766082434118954936e-02 5.387017860542364645e-01 6.000000000000000000e+00 8.000000000000000000e+00
1.400000000000000000e+01 0.000000000000000000e+00 1.000000000000000000e+00 5.108256237659907217e-01 2.287955993919332798e-02 5.288981045701888206e-01 6.000000000000000000e+00 9.000000000000000000e+00
1.500000000000000000e+01 0.000000000000000000e+00 1.000000000000000000e+00 4.700036292457355769e-01 1.925711001500474140e-02 5.282407668532087541e-01 6.000000000000000000e+00 1.000000000000000000e+01
1.600000000000000000e+01 1.000000000000000000e+00 1.000000000000000000e+00 1.041453874828160986e+00 5.594178506749925006e-02 1.179618577473142693e+00 6.000000000000000000e+00 1.100000000000000000e+01
1.700000000000000000e+01 0.000000000000000000e+00 1.000000000000000000e+00 4.054651081081642738e-01 1.421006965524895804e-02 5.442789567497570147e-01 6.000000000000000000e+00 1.200000000000000000e+01
1.800000000000000000e+01 1.000000000000000000e+00 1.000000000000000000e+00 9.985288301111272524e-01 4.657924808518698612e-02 1.167660512098898096e+00 7.000000000000000000e+00 1.200000000000000000e+01
1.900000000000000000e+01 0.000000000000000000e+00 1.000000000000000000e+00 4.307829160924542267e-01 1.374606284054946670e-02 6.040145878424283410e-01 7.000000000000000000e+00 1.300000000000000000e+01
2.000000000000000000e+01 0.000000000000000000e+00 1.000000000000000000e+00 4.795730802618862199e-01 1.495589867111757343e-02 6.560970551974207865e-01 8.000000000000000000e+00 1.300000000000000000e+01
2.100000000000000000e+01 1.000000000000000000e+00 1.000000000000000000e+00 1.011600911678479875e+00 4.090065022710698273e-02 1.246732787117935004e+00 8.000000000000000000e+00 1.400000000000000000e+01
2.200000000000000000e+01 0.000000000000000000e+00 1.000000000000000000e+00 4.274440148269396111e-01 1.180690882800750074e-02 6.656968684359299004e-01 8.000000000000000000e+00 1.500000000000000000e+01
2.300000000000000000e+01 1.000000000000000000e+00 1.000000000000000000e+00 9.808292530117261876e-01 3.560511521797238288e-02 1.244455140769417767e+00 9.000000000000000000e+00 1.500000000000000000e+01
2.400000000000000000e+01 0.000000000000000000e+00 1.000000000000000000e+00 4.462871026284194742e-01 1.144208189609230431e-02 7.146910684521401436e-01 9.000000000000000000e+00 1.600000000000000000e+01
2.500000000000000000e+01 0.000000000000000000e+00 1.000000000000000000e+00 4.855078157817007689e-01 1.222136874281520846e-02 7.582412810877485754e-01 1.000000000000000000e+01 1.600000000000000000e+01
2.600000000000000000e+01 1.000000000000000000e+00 1.000000000000000000e+00 9.932517730102834452e-01 3.219968923650551318e-02 1.312203728528757551e+00 1.000000000000000000e+01 1.700000000000000000e+01
2.700000000000000000e+01 1.000000000000000000e+00 0.000000000000000000e+00 1.029619417181158125e+00 3.286908210266936692e-02 1.375210601564887725e+00 1.000000000000000000e+01 1.800000000000000000e+01
2.800000000000000000e+01 1.000000000000000000e+00 0.000000000000000000e+00 9.694005571881035843e-01 2.880222781001195997e-02 1.313770090890770348e+00 1.100000000000000000e+01 1.800000000000000000e+01
2.900000000000000000e+01 1.000000000000000000e+00 0.000000000000000000e+00 9.162907318741549956e-01 2.548572083555677992e-02 1.263024289413053225e+00 1.200000000000000000e+01 1.800000000000000000e+01
3.000000000000000000e+01 1.000000000000000000e+00 0.000000000000000000e+00 8.690378470236094222e-01 2.273860568610386323e-02 1.220871901910840052e+00 1.300000000000000000e+01 1.800000000000000000e+01
3.100000000000000000e+01 1.000000000000000000e+00 0.000000000000000000e+00 8.266785731844679130e-01 2.043286711829894742e-02 1.185726348333901115e+00 1.400000000000000000e+01 1.800000000000000000e+01
3.200000000000000000e+01 1.000000000000000000e+00 1.000000000000000000e+00 7.884573603642701656e-01 1.847550850992085714e-02 1.156364909787043871e+00 1.500000000000000000e+01 1.800000000000000000e+01
3.300000000000000000e+01 0.000000000000000000e+00 1.000000000000000000e+00 6.359887667199967121e-01 1.325693637879554743e-02 1.010505265804752639e+00 1.600000000000000000e+01 1.800000000000000000e+01
3.400000000000000000e+01 1.000000000000000000e+00 1.000000000000000000e+00 7.221347174331975705e-01 1.534627978324332176e-02 1.111354894494098744e+00 1.700000000000000000e+01 1.800000000000000000e+01
3.500000000000000000e+01 0.000000000000000000e+00 1.000000000000000000e+00 6.390799592896695414e-01 1.259338153087696810e-02 1.040437502458217978e+00 1.700000000000000000e+01 1.900000000000000000e+01
3.600000000000000000e+01 1.000000000000000000e+00 1.000000000000000000e+00 7.205461547480597195e-01 1.446051940582071538e-02 1.135801782181374620e+00 1.800000000000000000e+01 1.900000000000000000e+01
3.700000000000000000e+01 1.000000000000000000e+00 1.000000000000000000e+00 7.472144018302211421e-01 1.481929935068793114e-02 1.176883651114877694e+00 1.800000000000000000e+01 2.000000000000000000e+01
3.800000000000000000e+01 0.000000000000000000e+00 1.000000000000000000e+00 6.678293725756555554e-01 1.233298357601508854e-02 1.106508796208629519e+00 1.900000000000000000e+01 2.000000000000000000e+01
3.900000000000000000e+01 1.000000000000000000e+00 1.000000000000000000e+00 6.931471805599452862e-01 1.265620123274668885e-02 1.144119579354850202e+00 2.000000000000000000e+01 2.000000000000000000e+01
4.000000000000000000e+01 1.000000000000000000e+00 1.000000000000000000e+00 7.178397931503168738e-01 1.296358864237934228e-02 1.181463378122089125e+00 2.000000000000000000e+01 2.100000000000000000e+01
4.100000000000000000e+01 1.000000000000000000e+00 1.000000000000000000e+00 6.931471805599452862e-01 1.204644513518582372e-02 1.167280277284589829e+00 2.100000000000000000e+01 2.100000000000000000e+01
4.200000000000000000e+01 0.000000000000000000e+00 1.000000000000000000e+00 7.166776779701394817e-01 1.232547153452090427e-02 1.202852879768443017e+00 2.200000000000000000e+01 2.100000000000000000e+01
4.300000000000000000e+01 1.000000000000000000e+00 1.000000000000000000e+00 6.486954179891114558e-01 1.048995239544225910e-02 1.145064475051469799e+00 2.300000000000000000e+01 2.100000000000000000e+01
4.400000000000000000e+01 0.000000000000000000e+00 1.000000000000000000e+00 7.156200364120037793e-01 1.174715215436483717e-02 1.223381798697289469e+00 2.300000000000000000e+01 2.200000000000000000e+01
4.500000000000000000e+01 1.000000000000000000e+00 1.000000000000000000e+00 6.505875661411494315e-01 1.006903832333394533e-02 1.168149067546920605e+00 2.400000000000000000e+01 2.200000000000000000e+01
4.600000000000000000e+01 0.000000000000000000e+00 1.000000000000000000e+00 7.146533857809088675e-01 1.122060998792395736e-02 1.243115121628250108e+00 2.400000000000000000e+01 2.300000000000000000e+01
4.700000000000000000e+01 0.000000000000000000e+00 1.000000000000000000e+00 7.357067949787413630e-01 1.144379653476468306e-02 1.275366349580451697e+00 2.500000000000000000e+01 2.300000000000000000e+01
4.800000000000000000e+01 1.000000000000000000e+00 1.000000000000000000e+00 6.729444732424257891e-01 9.894524068188026433e-03 1.220444292176125600e+00 2.500000000000000000e+01 2.400000000000000000e+01
4.900000000000000000e+01 0.000000000000000000e+00 1.000000000000000000e+00 6.931471805599452862e-01 1.009998001597844919e-02 1.250521422492170132e+00 2.500000000000000000e+01 2.500000000000000000e+01
5.000000000000000000e+01 1.000000000000000000e+00 1.000000000000000000e+00 6.737290947028438115e-01 9.518065873075354233e-03 1.240421442476161928e+00 2.600000000000000000e+01 2.500000000000000000e+01
5.100000000000000000e+01 0.000000000000000000e+00 1.000000000000000000e+00 6.931471805599452862e-01 9.707823153226158297e-03 1.269339776030875555e+00 2.600000000000000000e+01 2.600000000000000000e+01
5.200000000000000000e+01 1.000000000000000000e+00 1.000000000000000000e+00 6.744550475477927298e-01 9.169186934616213591e-03 1.259631952877640515e+00 2.700000000000000000e+01 2.600000000000000000e+01
5.300000000000000000e+01 0.000000000000000000e+00 1.000000000000000000e+00 6.931471805599452862e-01 9.344978450766205924e-03 1.287477404520927848e+00 2.700000000000000000e+01 2.700000000000000000e+01
5.400000000000000000e+01 1.000000000000000000e+00 1.000000000000000000e+00 6.751286750572671469e-01 8.844965434914087155e-03 1.278132426070214933e+00 2.800000000000000000e+01 2.700000000000000000e+01
5.500000000000000000e+01 1.000000000000000000e+00 1.000000000000000000e+00 6.931471805599452862e-01 9.008278114059464770e-03 1.304981704132728737e+00 2.800000000000000000e+01 2.800000000000000000e+01
5.600000000000000000e+01 0.000000000000000000e+00 1.000000000000000000e+00 7.108467576593462400e-01 9.165843871809187249e-03 1.331687711732968182e+00 2.900000000000000000e+01 2.800000000000000000e+01
5.700000000000000000e+01 1.000000000000000000e+00 1.000000000000000000e+00 6.592456288842638568e-01 8.113787961031349028e-03 1.288035508727489287e+00 3.000000000000000000e+01 2.800000000000000000e+01
5.800000000000000000e+01 0.000000000000000000e+00 1.000000000000000000e+00 7.102416139192453404e-01 8.841940857085006655e-03 1.347683065159856142e+00 3.000000000000000000e+01 2.900000000000000000e+01
5.900000000000000000e+01 0.000000000000000000e+00 1.000000000000000000e+00 7.270487322356267157e-01 8.983975083078910018e-03 1.373320636332493905e+00 3.100000000000000000e+01 2.900000000000000000e+01
6.000000000000000000e+01 0.000000000000000000e+00 1.000000000000000000e+00 7.096764825111558928e-01 8.540132853523729750e-03 1.363187235962016075e+00 3.100000000000000000e+01 3.000000000000000000e+01
6.100000000000000000e+01 0.000000000000000000e+00 1.000000000000000000e+00 6.931471805599452862e-01 8.129544094350293904e-03 1.354100655021085231e+00 3.100000000000000000e+01 3.100000000000000000e+01
6.200000000000000000e+01 1.000000000000000000e+00 1.000000000000000000e+00 7.091475219063865243e-01 8.258235005980552046e-03 1.378229175442868382e+00 3.100000000000000000e+01 3.200000000000000000e+01
6.300000000000000000e+01 0.000000000000000000e+00 1.000000000000000000e+00 6.623755218931915989e-01 7.395186376052187427e-03 1.338718273868352071e+00 3.100000000000000000e+01 3.300000000000000000e+01
6.400000000000000000e+01 1.000000000000000000e+00 1.000000000000000000e+00 7.086513670959104783e-01 7.994341173337637940e-03 1.392835379957489295e+00 3.200000000000000000e+01 3.300000000000000000e+01
6.500000000000000000e+01 0.000000000000000000e+00 1.000000000000000000e+00 6.632942174102641752e-01 7.183075940572436480e-03 1.354535580583672072e+00 3.200000000000000000e+01 3.400000000000000000e+01
6.600000000000000000e+01 1.000000000000000000e+00 1.000000000000000000e+00 7.081850579244858279e-01 7.746780880897752297e-03 1.407030156762516526e+00 3.300000000000000000e+01 3.400000000000000000e+01
6.700000000000000000e+01 0.000000000000000000e+00 1.000000000000000000e+00 6.641596436866931130e-01 6.982773244100570764e-03 1.369869394294653375e+00 3.300000000000000000e+01 3.500000000000000000e+01
6.800000000000000000e+01 1.000000000000000000e+00 1.000000000000000000e+00 7.077459799810978947e-01 7.514084008521493274e-03 1.420835855476298093e+00 3.400000000000000000e+01 3.500000000000000000e+01
6.900000000000000000e+01 0.000000000000000000e+00 1.000000000000000000e+00 6.649763035932491073e-01 6.793320742247033195e-03 1.384748313269540176e+00 3.400000000000000000e+01 3.600000000000000000e+01
7.000000000000000000e+01 1.000000000000000000e+00 1.000000000000000000e+00 7.073318155519017214e-01 7.294951640735902743e-03 1.434273070232791270e+00 3.500000000000000000e+01 3.600000000000000000e+01
7.100000000000000000e+01 1.000000000000000000e+00 1.000000000000000000e+00 7.213180575266416872e-01 7.393216708254435332e-03 1.455547684281270904e+00 3.500000000000000000e+01 3.700000000000000000e+01
7.200000000000000000e+01 0.000000000000000000e+00 1.000000000000000000e+00 6.795415285041666031e-01 6.709428270408324124e-03 1.419583039001565794e+00 3.600000000000000000e+01 3.700000000000000000e+01
7.300000000000000000e+01 1.000000000000000000e+00 1.000000000000000000e+00 6.931471805599452862e-01 6.802406351614997959e-03 1.439892067415428301e+00 3.700000000000000000e+01 3.700000000000000000e+01
7.400000000000000000e+01 0.000000000000000000e+00 1.000000000000000000e+00 6.799019538099247972e-01 6.534119588122777600e-03 1.433089661063888798e+00 3.700000000000000000e+01 3.800000000000000000e+01
7.500000000000000000e+01 1.000000000000000000e+00 1.000000000000000000e+00 6.931471805599452862e-01 6.622226171440814824e-03 1.452863428197645135e+00 3.800000000000000000e+01 3.800000000000000000e+01
7.600000000000000000e+01 0.000000000000000000e+00 1.000000000000000000e+00 6.802437757240372695e-01 6.367736270502355467e-03 1.446241202026101291e+00 3.800000000000000000e+01 3.900000000000000000e+01
7.700000000000000000e+01 1.000000000000000000e+00 1.000000000000000000e+00 6.931471805599452862e-01 6.451344421605220703e-03 1.465507188659216808e+00 3.900000000000000000e+01 3.900000000000000000e+01
7.800000000000000000e+01 0.000000000000000000e+00 1.000000000000000000e+00 6.805683983530851355e-01 6.209613807951264164e-03 1.459055844237582278e+00 3.900000000000000000e+01 4.000000000000000000e+01
7.900000000000000000e+01 1.000000000000000000e+00 1.000000000000000000e+00 6.931471805599452862e-01 6.289059449193779017e-03 1.477839468469085205e+00 4.000000000000000000e+01 4.000000000000000000e+01
8.000000000000000000e+01 0.000000000000000000e+00 1.000000000000000000e+00 6.808770879681309562e-01 6.059152041014037593e-03 1.471550409019812378e+00 4.000000000000000000e+01 4.100000000000000000e+01
8.100000000000000000e+01 1.000000000000000000e+00 1.000000000000000000e+00 6.931471805599452862e-01 6.134738461539335219e-03 1.489875227593927320e+00 4.100000000000000000e+01 4.100000000000000000e+01
8.200000000000000000e+01 0.000000000000000000e+00 1.000000000000000000e+00 6.811709895132295189e-01 5.915807557039798326e-03 1.483740489132458151e+00 4.100000000000000000e+01 4.200000000000000000e+01
8.300000000000000000e+01 1.000000000000000000e+00 1.000000000000000000e+00 6.931471805599452862e-01 5.987809281402967088e-03 1.501628374794279352e+00 4.200000000000000000e+01 4.200000000000000000e+01
8.400000000000000000e+01 1.000000000000000000e+00 1.000000000000000000e+00 7.049816382069481469e-01 6.058113539167742090e-03 1.519450089322333497e+00 4.200000000000000000e+01 4.300000000000000000e+01
8.500000000000000000e+01 1.000000000000000000e+00 1.000000000000000000e+00 6.931471805599452862e-01 5.847753258994892178e-03 1.513111863738288321e+00 4.300000000000000000e+01 4.300000000000000000e+01
8.600000000000000000e+01 0.000000000000000000e+00 1.000000000000000000e+00 7.047080029610214291e-01 5.914837834666286653e-03 1.530519924432837797e+00 4.400000000000000000e+01 4.300000000000000000e+01
8.700000000000000000e+01 0.000000000000000000e+00 1.000000000000000000e+00 7.161366987846440324e-01 5.980394884605111372e-03 1.547859888074015089e+00 4.500000000000000000e+01 4.300000000000000000e+01
8.800000000000000000e+01 1.000000000000000000e+00 1.000000000000000000e+00 6.819738799618200176e-01 5.523763390301361653e-03 1.518623679235986401e+00 4.500000000000000000e+01 4.400000000000000000e+01
8.900000000000000000e+01 0.000000000000000000e+00 1.000000000000000000e+00 6.931471805599452862e-01 5.586417848364888528e-03 1.535317409082836093e+00 4.500000000000000000e+01 4.500000000000000000e+01
9.000000000000000000e+01 0.000000000000000000e+00 1.000000000000000000e+00 7.041970167465302355e-01 5.647692772882351164e-03 1.551953213456670255e+00 4.600000000000000000e+01 4.500000000000000000e+01
9.100000000000000000e+01 0.000000000000000000e+00 1.000000000000000000e+00 6.931471805599452862e-01 5.464317726257661434e-03 1.546061320439605424e+00 4.600000000000000000e+01 4.600000000000000000e+01
9.200000000000000000e+01 1.000000000000000000e+00 1.000000000000000000e+00 7.039580966641609816e-01 5.522966839443199660e-03 1.562336133148164663e+00 4.600000000000000000e+01 4.700000000000000000e+01
9.300000000000000000e+01 0.000000000000000000e+00 1.000000000000000000e+00 6.720937713621127907e-01 5.124254134061700938e-03 1.535535741687112932e+00 4.600000000000000000e+01 4.800000000000000000e+01
9.400000000000000000e+01 0.000000000000000000e+00 1.000000000000000000e+00 6.826758806926498391e-01 5.180442675859708856e-03 1.551231971537049503e+00 4.700000000000000000e+01 4.800000000000000000e+01
9.500000000000000000e+01 1.000000000000000000e+00 1.000000000000000000e+00 7.142005897577776707e-01 5.458645144889473499e-03 1.588380756184903930e+00 4.700000000000000000e+01 4.900000000000000000e+01
9.600000000000000000e+01 0.000000000000000000e+00 1.000000000000000000e+00 6.626879730752368580e-01 4.869836150779960349e-03 1.541674584707436679e+00 4.700000000000000000e+01 5.000000000000000000e+01
9.700000000000000000e+01 0.000000000000000000e+00 1.000000000000000000e+00 6.729444732424257891e-01 4.922614334094355115e-03 1.556780616632408965e+00 4.800000000000000000e+01 5.000000000000000000e+01
9.800000000000000000e+01 1.000000000000000000e+00 1.000000000000000000e+00 7.239188392266989736e-01 5.393826581125971131e-03 1.613507662162305678e+00 4.800000000000000000e+01 5.100000000000000000e+01
9.900000000000000000e+01 0.000000000000000000e+00 1.000000000000000000e+00 6.539264674066639360e-01 4.637868766277364330e-03 1.548083390829447126e+00 4.800000000000000000e+01 5.200000000000000000e+01
1.000000000000000000e+02 1.000000000000000000e+00 1.000000000000000000e+00 7.233002187306328823e-01 5.280123844872974814e-03 1.622654896403332714e+00 4.900000000000000000e+01 5.200000000000000000e+01
1.010000000000000000e+02 0.000000000000000000e+00 1.000000000000000000e+00 6.546808997321493795e-01 4.553657309038783296e-03 1.558522563055078081e+00 4.900000000000000000e+01 5.300000000000000000e+01
1.020000000000000000e+02 0.000000000000000000e+00 1.000000000000000000e+00 6.644370746775138947e-01 4.601403932301018074e-03 1.572801588691390862e+00 5.000000000000000000e+01 5.300000000000000000e+01
1.030000000000000000e+02 1.000000000000000000e+00 1.000000000000000000e+00 7.323678937132265254e-01 5.217935128678519163e-03 1.646456272855346015e+00 5.000000000000000000e+01 5.400000000000000000e+01
1.040000000000000000e+02 0.000000000000000000e+00 1.000000000000000000e+00 6.466271649250524556e-01 4.348993117400112851e-03 1.564989547302786832e+00 5.000000000000000000e+01 5.500000000000000000e+01
1.050000000000000000e+02 1.000000000000000000e+00 1.000000000000000000e+00 7.316134613877414150e-01 5.111561593366786838e-03 1.654998353037171910e+00 5.100000000000000000e+01 5.500000000000000000e+01
1.060000000000000000e+02 0.000000000000000000e+00 1.000000000000000000e+00 6.474771437267567986e-01 4.274967921831240858e-03 1.575065345282268936e+00 5.100000000000000000e+01 5.600000000000000000e+01
1.070000000000000000e+02 1.000000000000000000e+00 1.000000000000000000e+00 7.308875085427923857e-01 5.009427957729961634e-03 1.663400181019085267e+00 5.200000000000000000e+01 5.600000000000000000e+01
1.080000000000000000e+02 0.000000000000000000e+00 1.000000000000000000e+00 6.482966143945936288e-01 4.203408048636170236e-03 1.584944156568951712e+00 5.200000000000000000e+01 5.700000000000000000e+01
1.090000000000000000e+02 1.000000000000000000e+00 1.000000000000000000e+00 7.301884522402943833e-01 4.911286215320664894e-03 1.671666152395857807e+00 5.300000000000000000e+01 5.700000000000000000e+01
1.100000000000000000e+02 0.000000000000000000e+00 1.000000000000000000e+00 6.490871907659148121e-01 4.134193045712386549e-03 1.594633470430835587e+00 5.300000000000000000e+01 5.800000000000000000e+01
1.110000000000000000e+02 1.000000000000000000e+00 1.000000000000000000e+00 7.295148247308201883e-01 4.816907296406824912e-03 1.679800467869085878e+00 5.400000000000000000e+01 5.800000000000000000e+01
1.120000000000000000e+02 0.000000000000000000e+00 1.000000000000000000e+00 6.498503748066212227e-01 4.067210132228105124e-03 1.604140360137193966e+00 5.400000000000000000e+01 5.900000000000000000e+01
1.130000000000000000e+02 1.000000000000000000e+00 1.000000000000000000e+00 7.288652631620244904e-01 4.726079297391549972e-03 1.687807143872305460e+00 5.500000000000000000e+01 5.900000000000000000e+01
1.140000000000000000e+02 0.000000000000000000e+00 1.000000000000000000e+00 6.505875661411494315e-01 4.002353602031938351e-03 1.613471513008335023e+00 5.500000000000000000e+01 6.000000000000000000e+01
1.150000000000000000e+02 1.000000000000000000e+00 1.000000000000000000e+00 7.282385003712154026e-01 4.638605904862203033e-03 1.695690022562189370e+00 5.600000000000000000e+01 6.000000000000000000e+01
1.160000000000000000e+02 0.000000000000000000e+00 1.000000000000000000e+00 6.513000706244450599e-01 3.939524281147299689e-03 1.622633257813959062e+00 5.600000000000000000e+01 6.100000000000000000e+01
1.170000000000000000e+02 1.000000000000000000e+00 1.000000000000000000e+00 7.276333566311146139e-01 4.554304990004531817e-03 1.703452781207715816e+00 5.700000000000000000e+01 6.100000000000000000e+01
1.180000000000000000e+02 1.000000000000000000e+00 1.000000000000000000e+00 7.360722252769792417e-01 4.590012615308225463e-03 1.716426090589948217e+00 5.700000000000000000e+01 6.200000000000000000e+01
1.190000000000000000e+02 0.000000000000000000e+00 1.000000000000000000e+00 6.603573577369545866e-01 3.913740708417101644e-03 1.643848299872274765e+00 5.800000000000000000e+01 6.200000000000000000e+01
1.200000000000000000e+02 1.000000000000000000e+00 1.000000000000000000e+00 7.182531016910216337e-01 4.360591919678746819e-03 1.706051221018697106e+00 5.900000000000000000e+01 6.200000000000000000e+01
1.210000000000000000e+02 1.000000000000000000e+00 1.000000000000000000e+00 7.264836008275371571e-01 4.394555593079552125e-03 1.718631875411460896e+00 5.900000000000000000e+01 6.300000000000000000e+01
1.220000000000000000e+02 1.000000000000000000e+00 1.000000000000000000e+00 7.178397931503168738e-01 4.285932039398865356e-03 1.713681609899026625e+00 6.000000000000000000e+01 6.300000000000000000e+01
1.230000000000000000e+02 0.000000000000000000e+00 1.000000000000000000e+00 6.771468392135041592e-01 3.919825729356674060e-03 1.676466698913486653e+00 6.100000000000000000e+01 6.300000000000000000e+01
1.240000000000000000e+02 1.000000000000000000e+00 1.000000000000000000e+00 7.011793522572096204e-01 4.080861072731423178e-03 1.704543325037548129e+00 6.200000000000000000e+01 6.300000000000000000e+01
1.250000000000000000e+02 0.000000000000000000e+00 1.000000000000000000e+00 6.773988235918061429e-01 3.859341607062916069e-03 1.684589106745420395e+00 6.200000000000000000e+01 6.400000000000000000e+01
1.260000000000000000e+02 1.000000000000000000e+00 1.000000000000000000e+00 7.010523600670586220e-01 4.015328941335383206e-03 1.712222447067915709e+00 6.300000000000000000e+01 6.400000000000000000e+01
1.270000000000000000e+02 1.000000000000000000e+00 1.000000000000000000e+00 7.088955375280844295e-01 4.046167228340280531e-03 1.724079808527449131e+00 6.300000000000000000e+01 6.500000000000000000e+01
1.280000000000000000e+02 0.000000000000000000e+00 1.000000000000000000e+00 6.854251344660350354e-01 3.831054417359425202e-03 1.704160625426197839e+00 6.400000000000000000e+01 6.500000000000000000e+01
1.290000000000000000e+02 0.000000000000000000e+00 1.000000000000000000e+00 6.931471805599452862e-01 3.860946307952417555e-03 1.715712633513703622e+00 6.500000000000000000e+01 6.500000000000000000e+01
1.300000000000000000e+02 0.000000000000000000e+00 1.000000000000000000e+00 6.855425811747261067e-01 3.773238000876588671e-03 1.711851687205694361e+00 6.500000000000000000e+01 6.600000000000000000e+01
1.310000000000000000e+02 0.000000000000000000e+00 1.000000000000000000e+00 6.781093031954048556e-01 3.688588614923382636e-03 1.708194109625878809e+00 6.500000000000000000e+01 6.700000000000000000e+01
1.320000000000000000e+02 1.000000000000000000e+00 1.000000000000000000e+00 7.159618583261166957e-01 3.947921596113346254e-03 1.750193166698750247e+00 6.500000000000000000e+01 6.800000000000000000e+01
1.330000000000000000e+02 1.000000000000000000e+00 1.000000000000000000e+00 7.234525300552742122e-01 3.976046859436976888e-03 1.761623907477542161e+00 6.500000000000000000e+01 6.900000000000000000e+01
1.340000000000000000e+02 0.000000000000000000e+00 1.000000000000000000e+00 6.711682738411701710e-01 3.555603617293456864e-03 1.712405847728973640e+00 6.600000000000000000e+01 6.900000000000000000e+01
1.350000000000000000e+02 1.000000000000000000e+00 1.000000000000000000e+00 7.079622663450858555e-01 3.800274008054493891e-03 1.752965306345913632e+00 6.700000000000000000e+01 6.900000000000000000e+01
1.360000000000000000e+02 1.000000000000000000e+00 1.000000000000000000e+00 7.152883064371587940e-01 3.827175092458112715e-03 1.764088284971649045e+00 6.700000000000000000e+01 7.000000000000000000e+01
1.370000000000000000e+02 1.000000000000000000e+00 1.000000000000000000e+00 7.077459799810978947e-01 3.743398487183746681e-03 1.759934276890703586e+00 6.800000000000000000e+01 7.000000000000000000e+01
1.380000000000000000e+02 0.000000000000000000e+00 1.000000000000000000e+00 6.859786910813328031e-01 3.558428222413922981e-03 1.741484996050985501e+00 6.900000000000000000e+01 7.000000000000000000e+01
1.390000000000000000e+02 1.000000000000000000e+00 1.000000000000000000e+00 6.931471805599452862e-01 3.584183348128711089e-03 1.752211040865859104e+00 7.000000000000000000e+01 7.000000000000000000e+01
1.400000000000000000e+02 0.000000000000000000e+00 1.000000000000000000e+00 6.860800133368529785e-01 3.508493428342696063e-03 1.748626857517706412e+00 7.000000000000000000e+01 7.100000000000000000e+01
1.410000000000000000e+02 1.000000000000000000e+00 1.000000000000000000e+00 6.931471805599452862e-01 3.533524786819342012e-03 1.759201681958643348e+00 7.100000000000000000e+01 7.100000000000000000e+01
1.420000000000000000e+02 0.000000000000000000e+00 1.000000000000000000e+00 6.861785112438518741e-01 3.459940581787002145e-03 1.755668157171953681e+00 7.100000000000000000e+01 7.200000000000000000e+01
1.430000000000000000e+02 1.000000000000000000e+00 1.000000000000000000e+00 6.931471805599452862e-01 3.484278258699013975e-03 1.766095965508611698e+00 7.200000000000000000e+01 7.200000000000000000e+01
1.440000000000000000e+02 0.000000000000000000e+00 1.000000000000000000e+00 6.862743012721832514e-01 3.412713102009412580e-03 1.762611687250000614e+00 7.200000000000000000e+01 7.300000000000000000e+01
1.450000000000000000e+02 1.000000000000000000e+00 1.000000000000000000e+00 6.931471805599452862e-01 3.436385538392094929e-03 1.772896510839586881e+00 7.300000000000000000e+01 7.300000000000000000e+01
1.460000000000000000e+02 0.000000000000000000e+00 1.000000000000000000e+00 6.863674935745665007e-01 3.366757455280477984e-03 1.769460125301293374e+00 7.300000000000000000e+01 7.400000000000000000e+01
1.470000000000000000e+02 1.000000000000000000e+00 1.000000000000000000e+00 6.931471805599452862e-01 3.389791558333854482e-03 1.779605831941807992e+00 7.400000000000000000e+01 7.400000000000000000e+01
1.480000000000000000e+02 0.000000000000000000e+00 1.000000000000000000e+00 6.864581924091486265e-01 3.322022952377601257e-03 1.776216040383360451e+00 7.400000000000000000e+01 7.500000000000000000e+01
1.490000000000000000e+02 1.000000000000000000e+00 1.000000000000000000e+00 6.931471805599452862e-01 3.344444197551865727e-03 1.786226343041221298e+00 7.500000000000000000e+01 7.500000000000000000e+01
1.500000000000000000e+02 1.000000000000000000e+00 1.000000000000000000e+00 6.997917232786139419e-01 3.366568145543702428e-03 1.796215232177246435e+00 7.500000000000000000e+01 7.600000000000000000e+01
1.510000000000000000e+02 1.000000000000000000e+00 1.000000000000000000e+00 6.931471805599452862e-01 3.300294087176247615e-03 1.792760363810998570e+00 7.600000000000000000e+01 7.600000000000000000e+01
1.520000000000000000e+02 0.000000000000000000e+00 1.000000000000000000e+00 6.997045811061043397e-01 3.321840909439544021e-03 1.802617964460637268e+00 7.700000000000000000e+01 7.600000000000000000e+01
1.530000000000000000e+02 1.000000000000000000e+00 1.000000000000000000e+00 6.802437757240374916e-01 3.173686280071308374e-03 1.786308924421518896e+00 7.800000000000000000e+01 7.600000000000000000e+01
1.540000000000000000e+02 0.000000000000000000e+00 1.000000000000000000e+00 6.996196950655626523e-01 3.278286419062581558e-03 1.808939842795098230e+00 7.800000000000000000e+01 7.700000000000000000e+01
1.550000000000000000e+02 1.000000000000000000e+00 1.000000000000000000e+00 6.804081547825155951e-01 3.133913797800147449e-03 1.792840864526056066e+00 7.900000000000000000e+01 7.700000000000000000e+01
1.560000000000000000e+02 0.000000000000000000e+00 1.000000000000000000e+00 6.995369786587163352e-01 3.235859152382225545e-03 1.815182881175019247e+00 7.900000000000000000e+01 7.800000000000000000e+01
1.570000000000000000e+02 1.000000000000000000e+00 1.000000000000000000e+00 6.805683983530851355e-01 3.095125541000776082e-03 1.799288621900132057e+00 8.000000000000000000e+01 7.800000000000000000e+01
1.580000000000000000e+02 0.000000000000000000e+00 1.000000000000000000e+00 6.994563497532100271e-01 3.194515913006235053e-03 1.821349019371155009e+00 8.000000000000000000e+01 7.900000000000000000e+01
1.590000000000000000e+02 1.000000000000000000e+00 1.000000000000000000e+00 6.807246605613882506e-01 3.057285432828571459e-03 1.805654337603527892e+00 8.100000000000000000e+01 7.900000000000000000e+01
1.600000000000000000e+02 0.000000000000000000e+00 1.000000000000000000e+00 6.993777303105812582e-01 3.154215683638383894e-03 1.827440126528017572e+00 8.100000000000000000e+01 8.000000000000000000e+01
1.610000000000000000e+02 1.000000000000000000e+00 1.000000000000000000e+00 6.808770879681309562e-01 3.020359137974715225e-03 1.811940072082052211e+00 8.200000000000000000e+01 8.000000000000000000e+01
1.620000000000000000e+02 1.000000000000000000e+00 1.000000000000000000e+00 6.870309535425092040e-01 3.039333069771998908e-03 1.821112325534386400e+00 8.200000000000000000e+01 8.100000000000000000e+01
1.630000000000000000e+02 0.000000000000000000e+00 1.000000000000000000e+00 7.054172731517596162e-01 3.133661798007558730e-03 1.842688610127311222e+00 8.300000000000000000e+01 8.100000000000000000e+01
1.640000000000000000e+02 1.000000000000000000e+00 1.000000000000000000e+00 6.751286750572671469e-01 2.930827133470259582e-03 1.815310424385074839e+00 8.400000000000000000e+01 8.100000000000000000e+01
1.650000000000000000e+02 0.000000000000000000e+00 1.000000000000000000e+00 7.052685410922900910e-01 3.094881881350985964e-03 1.848522774531261348e+00 8.400000000000000000e+01 8.200000000000000000e+01
1.660000000000000000e+02 0.000000000000000000e+00 1.000000000000000000e+00 7.112745651525019808e-01 3.112954206693885340e-03 1.857621848564463107e+00 8.500000000000000000e+01 8.200000000000000000e+01
1.670000000000000000e+02 1.000000000000000000e+00 1.000000000000000000e+00 6.813127229129425366e-01 2.914743771268213379e-03 1.830336865634762944e+00 8.500000000000000000e+01 8.300000000000000000e+01
1.680000000000000000e+02 0.000000000000000000e+00 1.000000000000000000e+00 6.990819160797598908e-01 3.002693461598759939e-03 1.851089339690815905e+00 8.500000000000000000e+01 8.400000000000000000e+01
1.690000000000000000e+02 1.000000000000000000e+00 1.000000000000000000e+00 6.814511407967540624e-01 2.881160720806796860e-03 1.836321802226393629e+00 8.600000000000000000e+01 8.400000000000000000e+01
1.700000000000000000e+02 0.000000000000000000e+00 1.000000000000000000e+00 6.990123000123433794e-01 -inf 1.856831082893450002e+00 8.600000000000000000e+01 8.500000000000000000e+01
1.710000000000000000e+02 0.000000000000000000e+00 1.000000000000000000e+00 7.048432203231366211e-01 nan inf 8.700000000000000000e+01 8.500000000000000000e+01
1.720000000000000000e+02 1.000000000000000000e+00 1.000000000000000000e+00 6.873834758431951464e-01 nan inf 8.700000000000000000e+01 8.600000000000000000e+01
1.730000000000000000e+02 1.000000000000000000e+00 0.000000000000000000e+00 6.931471805599452862e-01 nan inf 8.700000000000000000e+01 8.700000000000000000e+01
1.740000000000000000e+02 1.000000000000000000e+00 0.000000000000000000e+00 6.874491594453074894e-01 nan inf 8.800000000000000000e+01 8.700000000000000000e+01
1.750000000000000000e+02 1.000000000000000000e+00 0.000000000000000000e+00 6.818476253060118397e-01 nan inf 8.900000000000000000e+01 8.700000000000000000e+01
1.760000000000000000e+02 1.000000000000000000e+00 0.000000000000000000e+00 6.763400622435641329e-01 nan inf 9.000000000000000000e+01 8.700000000000000000e+01
1.770000000000000000e+02 1.000000000000000000e+00 0.000000000000000000e+00 6.709240437752350683e-01 nan inf 9.100000000000000000e+01 8.700000000000000000e+01
1.780000000000000000e+02 1.000000000000000000e+00 0.000000000000000000e+00 6.655972287917146790e-01 nan inf 9.200000000000000000e+01 8.700000000000000000e+01
1.790000000000000000e+02 1.000000000000000000e+00 0.000000000000000000e+00 6.603573577369543646e-01 nan inf 9.300000000000000000e+01 8.700000000000000000e+01
1.800000000000000000e+02 1.000000000000000000e+00 0.000000000000000000e+00 6.552022489958218010e-01 nan inf 9.400000000000000000e+01 8.700000000000000000e+01
1.810000000000000000e+02 1.000000000000000000e+00 0.000000000000000000e+00 6.501297954762544906e-01 nan inf 9.500000000000000000e+01 8.700000000000000000e+01
1.820000000000000000e+02 1.000000000000000000e+00 0.000000000000000000e+00 6.451379613735847007e-01 nan inf 9.600000000000000000e+01 8.700000000000000000e+01
1.830000000000000000e+02 1.000000000000000000e+00 0.000000000000000000e+00 6.402247791056028259e-01 nan inf 9.700000000000000000e+01 8.700000000000000000e+01
1.840000000000000000e+02 1.000000000000000000e+00 0.000000000000000000e+00 6.353883464077528798e-01 nan inf 9.800000000000000000e+01 8.700000000000000000e+01
1.850000000000000000e+02 0.000000000000000000e+00 0.000000000000000000e+00 7.598385550586174153e-01 nan inf 9.900000000000000000e+01 8.700000000000000000e+01
1.860000000000000000e+02 0.000000000000000000e+00 0.000000000000000000e+00 7.652004982000030209e-01 nan inf 1.000000000000000000e+02 8.700000000000000000e+01
1.870000000000000000e+02 0.000000000000000000e+00 0.000000000000000000e+00 7.591051483517426979e-01 nan inf 1.000000000000000000e+02 8.800000000000000000e+01
1.880000000000000000e+02 0.000000000000000000e+00 0.000000000000000000e+00 7.531106453275024926e-01 nan inf 1.000000000000000000e+02 8.900000000000000000e+01
1.890000000000000000e+02 0.000000000000000000e+00 0.000000000000000000e+00 7.472144018302210311e-01 nan inf 1.000000000000000000e+02 9.000000000000000000e+01
1.900000000000000000e+02 1.000000000000000000e+00 0.000000000000000000e+00 6.471032420585385303e-01 nan inf 1.000000000000000000e+02 9.100000000000000000e+01
1.910000000000000000e+02 0.000000000000000000e+00 0.000000000000000000e+00 7.357067949787413630e-01 nan inf 1.000000000000000000e+02 9.200000000000000000e+01
1.920000000000000000e+02 0.000000000000000000e+00 0.000000000000000000e+00 7.409016118558451325e-01 nan inf 1.010000000000000000e+02 9.200000000000000000e+01
1.930000000000000000e+02 1.000000000000000000e+00 0.000000000000000000e+00 6.527376422220686480e-01 nan inf 1.010000000000000000e+02 9.300000000000000000e+01
1.940000000000000000e+02 1.000000000000000000e+00 0.000000000000000000e+00 6.578790417224872344e-01 nan inf 1.010000000000000000e+02 9.400000000000000000e+01
1.950000000000000000e+02 1.000000000000000000e+00 0.000000000000000000e+00 6.531418459462461357e-01 nan inf 1.020000000000000000e+02 9.400000000000000000e+01
1.960000000000000000e+02 1.000000000000000000e+00 0.000000000000000000e+00 6.484747405083527427e-01 nan inf 1.030000000000000000e+02 9.400000000000000000e+01
1.970000000000000000e+02 1.000000000000000000e+00 0.000000000000000000e+00 6.438761315531624785e-01 nan inf 1.040000000000000000e+02 9.400000000000000000e+01
1.980000000000000000e+02 1.000000000000000000e+00 0.000000000000000000e+00 6.393444745669690787e-01 nan nan 1.050000000000000000e+02 9.400000000000000000e+01
1.990000000000000000e+02 1.000000000000000000e+00 0.000000000000000000e+00 6.348782724359695040e-01 nan nan 1.060000000000000000e+02 9.400000000000000000e+01
