2.000000000000000000e+00 1.000000000000000000e+00 0.000000000000000000e+00 6.931471805599452862e-01 3.068528194400547138e-01 1.461284149243120556e+00 1.000000000000000000e+00 1.000000000000000000e+00 1.000000000000000000e+00 1.000000000000000000e+00
3.000000000000000000e+00 0.000000000000000000e+00 0.000000000000000000e+00 1.098612288668109560e+00 4.013877113318904399e-01 1.000000000000000000e+00 1.000000000000000000e+00 2.000000000000000000e+00 1.000000000000000000e+00 1.000000000000000000e+00
4.000000000000000000e+00 1.000000000000000000e+00 0.000000000000000000e+00 6.931471805599452862e-01 3.068528194400547138e-01 1.461284149243120556e+00 1.000000000000000000e+00 2.606530659712633202e+00 1.000000000000000000e+00 1.000000000000000000e+00
5.000000000000000000e+00 1.000000000000000000e+00 0.000000000000000000e+00 6.996066641585365620e-01 1.430748444574609923e-01 -5.728803112280836940e-01 1.000000000000000000e+00 1.974410100884075758e+00 1.000000000000000000e+00 2.000000000000000000e+00
6.000000000000000000e+00 1.000000000000000000e+00 0.000000000000000000e+00 6.980130616933416521e-01 1.816231344284119364e-01 -1.370888691545210647e-02 2.000000000000000000e+00 1.591009601319872235e+00 1.000000000000000000e+00 1.606530659712633424e+00
7.000000000000000000e+00 1.000000000000000000e+00 0.000000000000000000e+00 4.574166578164934882e-01 8.659495464246691476e-02 2.201154690392839175e-01 1.606530659712633424e+00 2.358465443385042271e+00 1.000000000000000000e+00 1.367879441171442334e+00
8.000000000000000000e+00 1.000000000000000000e+00 0.000000000000000000e+00 3.598589581378673352e-01 5.877907591709297108e-02 5.468432565172569593e-01 1.367879441171442334e+00 2.823950941573144746e+00 1.000000000000000000e+00 1.223130160148429901e+00
9.000000000000000000e+00 0.000000000000000000e+00 0.000000000000000000e+00 1.318016659777039079e+00 3.786804863137751553e-01 1.392629576166590333e+00 1.223130160148429901e+00 3.106282167875838773e+00 1.000000000000000000e+00 1.135335283236612813e+00
1.000000000000000000e+01 1.000000000000000000e+00 0.000000000000000000e+00 6.316956646365409211e-01 2.491014133413415599e-01 1.349806316241857651e+00 1.135335283236612813e+00 3.277524712822688091e+00 1.000000000000000000e+00 1.082084998623898731e+00
1.100000000000000000e+01 1.000000000000000000e+00 0.000000000000000000e+00 6.209811803096545457e-01 1.073558516984356448e-01 -7.104961855219116273e-01 1.082084998623898731e+00 2.381388566580171062e+00 1.000000000000000000e+00 2.049787068367863618e+00
1.200000000000000000e+01 0.000000000000000000e+00 0.000000000000000000e+00 7.527751923514176546e-01 1.848390370662713611e-01 3.322908602543376277e-01 2.049787068367863618e+00 1.837854518607360266e+00 1.000000000000000000e+00 1.636728043134951793e+00
1.300000000000000000e+01 0.000000000000000000e+00 0.000000000000000000e+00 9.695387708942343474e-01 3.757623625836289394e-01 7.558281574777993006e-01 1.636728043134951793e+00 2.508184453914132916e+00 1.000000000000000000e+00 1.386195080060176554e+00
1.400000000000000000e+01 0.000000000000000000e+00 0.000000000000000000e+00 8.697000806269857831e-01 3.532802007798442334e-01 5.777949263883238595e-01 1.386195080060176554e+00 1.914760111800876796e+00 1.000000000000000000e+00 2.234239156686672167e+00
1.500000000000000000e+01 1.000000000000000000e+00 0.000000000000000000e+00 9.633389963864662509e-01 2.944564094173924840e-01 -1.497097941532896104e-01 1.234239156686672167e+00 1.554830054089388236e+00 2.000000000000000000e+00 1.748603889948331602e+00
1.600000000000000000e+01 1.000000000000000000e+00 0.000000000000000000e+00 7.361765282348127215e-01 2.288709539549033112e-01 3.225704253785370845e-01 1.142073230235698178e+00 1.336521438735232659e+00 2.606530659712633202e+00 1.454051211233805319e+00
1.700000000000000000e+01 1.000000000000000000e+00 0.000000000000000000e+00 7.223183905624566137e-01 2.545819073659786880e-01 6.946376752463070403e-01 2.086171770062362985e+00 1.204110570243525302e+00 1.974410100884075758e+00 1.275395980692960229e+00
1.800000000000000000e+01 0.000000000000000000e+00 0.000000000000000000e+00 1.036674169156703851e+00 3.265439240536374133e-01 8.402347327448207448e-01 1.658796480257163752e+00 2.123799318824127091e+00 1.591009601319872235e+00 1.167036105851908756e+00
1.900000000000000000e+01 1.000000000000000000e+00 0.000000000000000000e+00 6.783499717245522476e-01 2.058805403250369981e-01 4.326374125951484295e-01 1.399580263786738499e+00 2.681618742231005825e+00 1.358465443385042493e+00 1.101312519478187424e+00
2.000000000000000000e+01 0.000000000000000000e+00 0.000000000000000000e+00 6.830314670674398903e-01 1.342582638683846863e-01 2.556134176808408931e-01 1.242357681002718595e+00 2.019953325110500852e+00 1.217420281860511544e+00 2.061449149276254111e+00
2.100000000000000000e+01 0.000000000000000000e+00 0.000000000000000000e+00 1.063625718979904544e+00 3.426938135696826482e-01 8.973847489441665326e-01 2.146997364145002862e+00 1.618632963155366200e+00 1.131872066991762793e+00 1.643801452761939785e+00
2.200000000000000000e+01 0.000000000000000000e+00 0.000000000000000000e+00 9.439467830283622130e-01 3.389487086170897001e-01 6.865482207339381748e-01 1.695689067963520147e+00 1.375219859262605482e+00 1.079984451790182431e+00 2.390485319867651448e+00
2.300000000000000000e+01 0.000000000000000000e+00 0.000000000000000000e+00 5.271757906939232852e-01 1.125721356276017104e-01 6.596263379686517769e-02 1.421956749346781068e+00 1.227582348775829502e+00 2.048513022311052367e+00 1.843371978380058618e+00
2.400000000000000000e+01 1.000000000000000000e+00 0.000000000000000000e+00 1.131017516712246263e+00 3.143141486962423015e-01 -5.286649086177328538e-01 1.255929705551501296e+00 1.138035672141954446e+00 2.635955295139609689e+00 1.511530962430005731e+00
2.500000000000000000e+01 1.000000000000000000e+00 0.000000000000000000e+00 7.925559086263768149e-01 3.045752148059984732e-01 7.424298896981144091e-01 1.155229213148212253e+00 1.083722867288136493e+00 2.992257044421403833e+00 1.310259212106109628e+00
2.600000000000000000e+01 1.000000000000000000e+00 0.000000000000000000e+00 7.564792516636391628e-01 3.065466069173640729e-01 9.880267441744933210e-01 2.094151277057457960e+00 1.050780485929306618e+00 2.208364979470054834e+00 1.188181724600640532e+00
2.700000000000000000e+01 1.000000000000000000e+00 0.000000000000000000e+00 4.373643811175842444e-01 9.864114447337635205e-02 8.133002538526195035e-01 1.663636295899080464e+00 2.030799921631230465e+00 1.732910408171615346e+00 1.114137985567887679e+00
2.800000000000000000e+01 1.000000000000000000e+00 0.000000000000000000e+00 3.416674097167761714e-01 6.098704536099019968e-02 9.607417257827980395e-01 1.402515760360917518e+00 2.625211756498721183e+00 1.444532633378585285e+00 1.069228187684761799e+00
2.900000000000000000e+01 1.000000000000000000e+00 0.000000000000000000e+00 2.993550100319961604e-01 4.746524172793198382e-02 1.080347346100967831e+00 1.244138149676439653e+00 2.985740758841897158e+00 1.269622671386907431e+00 1.041989018347148743e+00
3.000000000000000000e+01 1.000000000000000000e+00 0.000000000000000000e+00 2.776448761121853570e-01 4.123588241413544964e-02 1.159922125951785787e+00 1.148077272984272534e+00 3.204412652478641377e+00 1.163534416749783640e+00 1.025467626998781911e+00
3.100000000000000000e+01 1.000000000000000000e+00 0.000000000000000000e+00 2.656629257080473927e-01 3.799900584863080688e-02 1.210270193191794741e+00 1.089813406071598489e+00 3.337043860386746275e+00 1.099188637676967062e+00 1.015446896604886406e+00
3.200000000000000000e+01 1.000000000000000000e+00 0.000000000000000000e+00 2.587840265409432350e-01 3.620456702665775239e-02 1.241493986502090641e+00 1.054474584435645346e+00 3.417488754417732810e+00 1.060160949846208123e+00 1.009369016388274698e+00
3.300000000000000000e+01 1.000000000000000000e+00 0.000000000000000000e+00 2.547453308474754707e-01 3.517258673369316746e-02 1.260669891131840359e+00 1.033040505635323569e+00 3.466281049064860120e+00 1.036489460599159251e+00 1.005682595690838621e+00
3.400000000000000000e+01 1.000000000000000000e+00 0.000000000000000000e+00 2.523429385022868399e-01 3.456625624202436242e-02 1.272385205760204752e+00 1.020040079680231804e+00 3.495875071726075145e+00 1.022131976609766291e+00 1.003446668513244600e+00
3.500000000000000000e+01 1.000000000000000000e+00 0.000000000000000000e+00 2.509027649249194192e-01 3.420546540919255918e-02 1.279521400074883353e+00 1.012154922749144648e+00 3.513824753814332791e+00 1.013423722373866021e+00 1.002090510127148892e+00
3.600000000000000000e+01 1.000000000000000000e+00 0.000000000000000000e+00 2.500354017283129560e-01 3.398914564114297043e-02 1.283860810932631047e+00 1.007372333313794721e+00 3.524711786332955565e+00 1.008141899187220192e+00 1.001267958486555587e+00
3.700000000000000000e+01 1.000000000000000000e+00 0.000000000000000000e+00 2.495115607362721477e-01 3.385885339920791104e-02 1.286496848515833680e+00 1.004471546188437481e+00 3.531315105348788563e+00 1.004938311485338520e+00 1.000769055697338761e+00
3.800000000000000000e+01 0.000000000000000000e+00 0.000000000000000000e+00 1.511532189258963266e+00 4.626492317607122651e-01 1.826406501591296916e+00 1.002712129859608448e+00 3.535320220787754764e+00 1.002995237323068833e+00 1.000466455859462700e+00
3.900000000000000000e+01 0.000000000000000000e+00 0.000000000000000000e+00 6.930614759023747684e-01 3.061842737631442768e-01 3.060996421698561343e-01 1.001644989912974681e+00 3.537749446097176342e+00 1.001816703269556852e+00 1.000282919780166813e+00
4.000000000000000000e+01 0.000000000000000000e+00 0.000000000000000000e+00 6.930951618165157591e-01 3.064469944590595407e-01 3.063953708755550176e-01 1.000997736817137218e+00 2.539222845726690547e+00 1.001101886232586446e+00 2.000171599520910171e+00
4.100000000000000000e+01 0.000000000000000000e+00 0.000000000000000000e+00 4.055554052152388622e-01 9.451647563625165116e-02 1.248775587433387235e-07 1.000605157969917780e+00 1.933585848063366530e+00 2.000668327783579059e+00 1.606634740083257462e+00
4.200000000000000000e+01 0.000000000000000000e+00 0.000000000000000000e+00 3.247848271172528167e-01 5.892439430272999878e-02 3.214155405289742529e-02 1.000367046862724596e+00 1.566248440324252034e+00 2.606936021004111925e+00 1.367942569107300166e+00
4.300000000000000000e+01 1.000000000000000000e+00 0.000000000000000000e+00 1.379771603873152008e+00 4.460401773621960331e-01 -2.666098948727306794e-01 1.000222625175793745e+00 1.343447040071118259e+00 2.974655964935617902e+00 1.223168449177011841e+00
4.400000000000000000e+01 1.000000000000000000e+00 0.000000000000000000e+00 6.624942855691390298e-01 2.395246472052608433e-01 9.669544760349242374e-01 1.000135028994742825e+00 1.208311159790686595e+00 3.197689385117887362e+00 1.135358506706378279e+00
4.500000000000000000e+01 1.000000000000000000e+00 0.000000000000000000e+00 6.733094404639714536e-01 2.624359843734180298e-01 1.145961599786204488e+00 2.000081899225262028e+00 1.126347105173348906e+00 2.332965992599003613e+00 1.082099084370336639e+00
4.600000000000000000e+01 1.000000000000000000e+00 0.000000000000000000e+00 4.091434388254798216e-01 9.132195460923364649e-02 9.970406177251207591e-01 1.606580334103761221e+00 2.076633393053572973e+00 1.808484742865579031e+00 1.049795611804943407e+00
4.700000000000000000e+01 0.000000000000000000e+00 0.000000000000000000e+00 1.274030218354450295e+00 4.165074206312353589e-01 1.334970000177923888e+00 1.367909570212664017e+00 2.653011162157434377e+00 1.490370784457858422e+00 1.030202565278846460e+00
4.800000000000000000e+01 0.000000000000000000e+00 0.000000000000000000e+00 6.641049296677078440e-01 2.212060148435887053e-01 2.103791307919853359e-01 1.223148434335678436e+00 3.002601950695695798e+00 1.297424915401026446e+00 1.018318781843592591e+00
4.900000000000000000e+01 1.000000000000000000e+00 0.000000000000000000e+00 7.127931138352534557e-01 2.699764095176320211e-01 9.256309960565454187e-01 1.135346367091460307e+00 2.214639482297267037e+00 1.180397330153158730e+00 2.011110902836725778e+00
5.000000000000000000e+01 1.000000000000000000e+00 0.000000000000000000e+00 6.569600983672323480e-01 1.581073292812686937e-01 -7.669732947043583771e-02 1.082091721321691624e+00 1.736716086510772694e+00 2.109416511668193106e+00 1.613269762940195751e+00
5.100000000000000000e+01 1.000000000000000000e+00 0.000000000000000000e+00 6.669315465798347775e-01 1.960503928069815549e-01 3.874073828362852856e-01 2.049791145890191402e+00 1.446840893972288544e+00 1.672895128718197677e+00 1.371966913897927354e+00
5.200000000000000000e+01 1.000000000000000000e+00 0.000000000000000000e+00 4.315699712515546627e-01 8.627701314618452244e-02 5.265902042499174263e-01 1.636730516277259184e+00 2.271022702207595056e+00 1.408131526338865847e+00 1.225609337677782129e+00
5.300000000000000000e+01 1.000000000000000000e+00 0.000000000000000000e+00 3.437852688194655837e-01 5.779264713754495020e-02 7.716406213598483443e-01 1.386196580096811681e+00 2.770914238079706493e+00 1.247544283919836294e+00 1.136838980419035527e+00
5.400000000000000000e+01 1.000000000000000000e+00 0.000000000000000000e+00 3.018036596688675188e-01 4.630686915283765970e-02 9.570551242141756010e-01 1.234240066504882050e+00 3.074113781116980082e+00 1.150143197833989772e+00 1.082997037067961799e+00
5.500000000000000000e+01 1.000000000000000000e+00 0.000000000000000000e+00 2.794382087481505073e-01 4.072811338614545917e-02 1.081499064240569519e+00 1.142073782068337318e+00 3.258013599979946662e+00 1.091066452833614253e+00 1.050340247647024716e+00
5.600000000000000000e+01 0.000000000000000000e+00 0.000000000000000000e+00 1.451548349687683537e+00 4.402411652239016648e-01 1.692300311609654884e+00 1.086172104765777524e+00 3.369554478435935252e+00 1.055234595714861445e+00 1.030532903615447138e+00
5.700000000000000000e+01 0.000000000000000000e+00 0.000000000000000000e+00 7.021843646305518938e-01 2.978956690707112442e-01 3.076745908500330695e-01 1.052266023552413277e+00 3.437207441030772692e+00 1.033501475777895529e+00 1.018519142172819469e+00
5.800000000000000000e+01 1.000000000000000000e+00 0.000000000000000000e+00 6.876161311817097221e-01 2.944268439552513161e-01 1.377733582056184236e+00 1.031700945745801290e+00 2.478241037064933927e+00 1.020319672204913708e+00 2.011232427519392019e+00
5.900000000000000000e+01 1.000000000000000000e+00 0.000000000000000000e+00 6.155374836253044712e-01 1.370568552351537628e-01 -1.215515712614098076e-01 1.019227595536715159e+00 1.896598511425281686e+00 2.012324504187590790e+00 1.613343471386144756e+00
6.000000000000000000e+01 1.000000000000000000e+00 0.000000000000000000e+00 6.358968850286765839e-01 1.764146676489057874e-01 3.466754039395751330e-01 2.011662126205571610e+00 1.543814486632141048e+00 1.614005849368163936e+00 1.372011620330275017e+00
6.100000000000000000e+01 1.000000000000000000e+00 0.000000000000000000e+00 4.226894584956292777e-01 8.252745977370223862e-02 5.259733183337619300e-01 1.613604096813750832e+00 2.329840159338279815e+00 1.372413372884688343e+00 1.225636453499687528e+00
6.200000000000000000e+01 1.000000000000000000e+00 0.000000000000000000e+00 3.400847120066290419e-01 5.648648742476503060e-02 7.741314228997890901e-01 1.372169697642818820e+00 2.806588829155800546e+00 1.225880128741557051e+00 1.136855426996384422e+00
6.300000000000000000e+01 1.000000000000000000e+00 0.000000000000000000e+00 2.999835069718688185e-01 4.572196997911781580e-02 9.591494470985533205e-01 1.225732332236350253e+00 3.095751514377341529e+00 1.137003223501591220e+00 1.083007012421371096e+00
6.400000000000000000e+01 1.000000000000000000e+00 0.000000000000000000e+00 2.784610276843442755e-01 4.043019827937222033e-02 1.082921141530469589e+00 1.136913580389784961e+00 3.271137548609039492e+00 1.083096655533177355e+00 1.050346298004708911e+00
6.500000000000000000e+01 1.000000000000000000e+00 0.000000000000000000e+00 2.662925704834225860e-01 3.758539042182063028e-02 1.162174370893834130e+00 1.083042284237434760e+00 3.377514555655973805e+00 1.050400669300451506e+00 1.030536573342885065e+00
6.600000000000000000e+01 1.000000000000000000e+00 0.000000000000000000e+00 2.592106068838558319e-01 3.597810109705368298e-02 1.211786896186391793e+00 1.050367691442575468e+00 3.442035471918406309e+00 1.030569551200761103e+00 1.018521367975023351e+00
6.700000000000000000e+01 1.000000000000000000e+00 0.000000000000000000e+00 2.550195165147533527e-01 3.504356891459781131e-02 1.242449497560646154e+00 1.030549549118867647e+00 3.481169385824323115e+00 1.018541370056916806e+00 1.011233777536671319e+00
6.800000000000000000e+01 0.000000000000000000e+00 0.000000000000000000e+00 1.499887696841692764e+00 4.579569620207978309e-01 1.799971164432493609e+00 1.018529238180990282e+00 3.504905304442816227e+00 1.011245909412597843e+00 1.006813630500382306e+00
6.900000000000000000e+01 1.000000000000000000e+00 0.000000000000000000e+00 6.909605581608344593e-01 3.022848654610786889e-01 1.432236975711874694e+00 1.011238551057888513e+00 3.519301866821376024e+00 1.006820988855091414e+00 1.004132675802434926e+00
7.000000000000000000e+01 1.000000000000000000e+00 0.000000000000000000e+00 5.833993742602230359e-01 9.622791459873547559e-02 -6.846677328228150117e-01 1.006816525787355143e+00 2.528033823298438065e+00 1.004137138870171198e+00 2.002506594580829358e+00
7.100000000000000000e+01 0.000000000000000000e+00 0.000000000000000000e+00 7.876480863131565258e-01 1.940204498109672215e-01 3.860113749382739767e-01 2.004134431882752754e+00 1.926799362908419244e+00 1.002509301568247579e+00 1.608050986177375963e+00
7.200000000000000000e+01 0.000000000000000000e+00 0.000000000000000000e+00 9.580440566150956183e-01 3.726465131054367275e-01 7.342389935240202226e-01 1.609038319410016404e+00 2.562132229006091944e+00 1.001521968335607138e+00 1.368801565785081165e+00
7.300000000000000000e+01 1.000000000000000000e+00 0.000000000000000000e+00 5.486534683371316889e-01 1.820760331404935872e-01 1.233420440134529672e+00 1.369400413662030802e+00 1.947481091417431420e+00 1.000923120458657500e+00 2.223689456998677372e+00
7.400000000000000000e+01 1.000000000000000000e+00 0.000000000000000000e+00 7.449752884925411323e-01 1.917171125665957376e-01 -1.645414010255358828e-01 1.224052676596551148e+00 1.574676331442660615e+00 2.000559900860783724e+00 1.742205173636802051e+00
7.500000000000000000e+01 1.000000000000000000e+00 0.000000000000000000e+00 7.301289110727816611e-01 2.253551030433351698e-01 3.205638583834754529e-01 2.135894817746487817e+00 1.348558814431152886e+00 1.606870256751098403e+00 1.450170193608059321e+00
7.600000000000000000e+01 1.000000000000000000e+00 0.000000000000000000e+00 4.546802068035974420e-01 9.251672018441858825e-02 4.209889287369821265e-01 1.688955033171938513e+00 2.211411607665580537e+00 1.368085417187218766e+00 1.273042024512060166e+00
7.700000000000000000e+01 1.000000000000000000e+00 0.000000000000000000e+00 3.550275068977202797e-01 6.019743283787004628e-02 6.902226881267372605e-01 1.417872350782115154e+00 2.734758281580946360e+00 1.223255090917163779e+00 1.165608359256572690e+00
7.800000000000000000e+01 1.000000000000000000e+00 0.000000000000000000e+00 3.078845929580096286e-01 4.746006930310131544e-02 9.012281839740829970e-01 1.253452392595545195e+00 3.052184084969245870e+00 1.135411057578191274e+00 1.100446547393815866e+00
7.900000000000000000e+01 1.000000000000000000e+00 0.000000000000000000e+00 2.828982040668857612e-01 4.134171995535362854e-02 1.045149227731096087e+00 1.153726646886721330e+00 3.244712566908163787e+00 1.082130958085285810e+00 1.060923910656627500e+00
8.000000000000000000e+01 0.000000000000000000e+00 0.000000000000000000e+00 1.444963901155563057e+00 4.363437696906641294e-01 1.676571763492931133e+00 1.093239924551614228e+00 3.361486994072047096e+00 1.049814944190299082e+00 1.036952219722837798e+00
8.100000000000000000e+01 0.000000000000000000e+00 0.000000000000000000e+00 7.058492268227027910e-01 3.000082754713825350e-01 3.135899765399137173e-01 1.056552872949846789e+00 3.432314264417322569e+00 1.030214290963290091e+00 1.022412654206338978e+00
8.200000000000000000e+01 0.000000000000000000e+00 0.000000000000000000e+00 7.009604111176525043e-01 3.026848688826421219e-01 3.108319699820148441e-01 1.034301051338915256e+00 2.475273175425487082e+00 1.018325893830713813e+00 2.013593961941682053e+00
8.300000000000000000e+01 0.000000000000000000e+00 0.000000000000000000e+00 4.105066323634065650e-01 9.487800290844672357e-02 1.890403979769306186e-04 1.020804639297429262e+00 1.894798412347172389e+00 2.011115216474966605e+00 1.614775814417230171e+00
8.400000000000000000e+01 0.000000000000000000e+00 0.000000000000000000e+00 3.274968385553375105e-01 5.917665469815669432e-02 3.042394615390842105e-02 1.012618651598153008e+00 1.542722671350747365e+00 2.613272379294043546e+00 1.372880380293854063e+00
8.500000000000000000e+01 1.000000000000000000e+00 0.000000000000000000e+00 1.375202086207767849e+00 4.416736548784815364e-01 -2.819064314680760353e-01 1.007653599078511597e+00 1.329177939895371585e+00 2.978499160509386012e+00 1.226163383053529010e+00
8.600000000000000000e+01 1.000000000000000000e+00 0.000000000000000000e+00 6.667606919585364889e-01 2.425440214818314066e-01 9.686155656760693233e-01 1.004642142498265667e+00 1.199656513047585360e+00 3.200020401064649356e+00 1.137175025926298044e+00
8.700000000000000000e+01 0.000000000000000000e+00 0.000000000000000000e+00 7.104889720869422831e-01 2.843637629457243521e-01 3.053582394391492483e-01 2.002815601751953167e+00 1.121097796574676009e+00 2.334379825238994233e+00 1.083200858971175018e+00
8.800000000000000000e+01 1.000000000000000000e+00 0.000000000000000000e+00 7.537934747099840349e-01 1.886653075976034710e-01 -2.508196048386125976e-01 1.608238408500733740e+00 2.073449526446184521e+00 1.809342275709435732e+00 1.050463871880444655e+00
8.900000000000000000e+01 1.000000000000000000e+00 0.000000000000000000e+00 8.019416758031426840e-01 1.905160791636666406e-01 -4.741078083896420048e-01 1.368915243170512053e+00 1.651080049443618192e+00 1.490890904419368113e+00 2.030607885503299848e+00
9.000000000000000000e+01 1.000000000000000000e+00 0.000000000000000000e+00 7.724325359908007504e-01 2.248447255732998196e-01 6.606229326966781001e-02 2.223758405818257344e+00 1.394900011914771643e+00 1.297740384104410616e+00 1.625095280699358602e+00
9.100000000000000000e+01 1.000000000000000000e+00 0.000000000000000000e+00 4.798422593866936148e-01 9.508306018603929211e-02 2.042099047360743658e-01 1.742246993209828343e+00 2.239518964747193586e+00 1.180588671593941097e+00 1.379139452985835845e+00
9.200000000000000000e+01 1.000000000000000000e+00 0.000000000000000000e+00 3.694679126992143070e-01 6.177008196230060477e-02 5.262139667047591729e-01 1.450195558461275791e+00 2.751806255414435576e+00 1.109532566118501151e+00 1.229959702542585909e+00
9.300000000000000000e+01 1.000000000000000000e+00 0.000000000000000000e+00 3.163215549759015310e-01 4.837421318691714767e-02 7.871989787459618970e-01 1.273057409073214963e+00 3.062524203785235599e+00 1.066434859587872097e+00 1.139477610090475546e+00
9.400000000000000000e+01 0.000000000000000000e+00 0.000000000000000000e+00 1.385646866549449907e+00 4.075288668466786612e-01 1.541170913964094114e+00 1.165617690464599399e+00 3.250984165995133068e+00 1.040294779213748244e+00 1.084597446863317716e+00
9.500000000000000000e+01 0.000000000000000000e+00 0.000000000000000000e+00 7.295749435561973417e-01 3.084728423395654007e-01 3.481607265139835539e-01 1.100452207057576182e+00 3.365290911203719926e+00 1.024440019019489556e+00 1.051310945256012541e+00
9.600000000000000000e+01 0.000000000000000000e+00 0.000000000000000000e+00 7.156081738619549659e-01 3.079981531700606845e-01 3.317259081399964726e-01 1.060927343416221857e+00 2.434621456784688220e+00 1.014823620859280462e+00 2.031121661476608331e+00
9.700000000000000000e+01 0.000000000000000000e+00 0.000000000000000000e+00 4.161786942396782374e-01 9.602358050131198919e-02 6.982352171950867437e-04 1.036954301796779054e+00 1.870141898621516141e+00 2.008990980539109295e+00 1.625406901579393715e+00
9.800000000000000000e+01 0.000000000000000000e+00 0.000000000000000000e+00 3.303333802824406917e-01 5.963473120657480919e-02 2.863336112618131146e-02 1.022413917048020204e+00 1.527767739814511527e+00 2.611983965070482583e+00 1.379328460603783668e+00
9.900000000000000000e+01 0.000000000000000000e+00 0.000000000000000000e+00 2.929629716984673560e-01 4.674012302288521603e-02 6.599991929843196381e-02 1.013594727893879943e+00 1.320107315404741133e+00 2.977717697780386530e+00 1.230074341457790599e+00
1.000000000000000000e+02 1.000000000000000000e+00 0.000000000000000000e+00 1.428726243995828371e+00 4.484372103835303491e-01 -3.425973645033808523e-01 1.008245619278088645e+00 1.194154901191277762e+00 3.199546419960088706e+00 1.139547142107343536e+00
1.010000000000000000e+02 1.000000000000000000e+00 0.000000000000000000e+00 6.782204230738667627e-01 2.660351322250448236e-01 1.146588055036182219e+00 1.005001220900478387e+00 1.117760900305986738e+00 3.334092341166953410e+00 1.084639620163379670e+00
1.020000000000000000e+02 0.000000000000000000e+00 0.000000000000000000e+00 7.026558926562355145e-01 2.922000239135529309e-01 3.030730436252044857e-01 2.003033393812136076e+00 1.071425596550943826e+00 2.415698567518197226e+00 1.051336524655521298e+00
1.030000000000000000e+02 0.000000000000000000e+00 0.000000000000000000e+00 6.234415230120630147e-01 1.414178115835551530e-01 1.609370101937249720e-01 1.608370506062676508e+00 2.043321814196412234e+00 1.858664586111042460e+00 1.031137176166667224e+00
1.040000000000000000e+02 0.000000000000000000e+00 0.000000000000000000e+00 6.419471862996022349e-01 1.805904311293858866e-01 1.732836565927142192e-01 1.368995364391903724e+00 1.632806668257131388e+00 1.520806397885805961e+00 2.018885652001957354e+00
1.050000000000000000e+02 0.000000000000000000e+00 0.000000000000000000e+00 4.242478071372601800e-01 8.331493958738311889e-02 1.181217084152041963e-02 1.223807001795524929e+00 1.383816645968551473e+00 2.315885048092238385e+00 1.617985386680483639e+00
1.060000000000000000e+02 0.000000000000000000e+00 0.000000000000000000e+00 3.406743682262111106e-01 5.675361945457213508e-02 2.929822244472890524e-02 1.135745808447346406e+00 1.232796563487995822e+00 2.798124626325375619e+00 1.374827084276080580e+00
1.070000000000000000e+02 0.000000000000000000e+00 0.000000000000000000e+00 3.002526507030578440e-01 4.583895709345986447e-02 6.200860638153082860e-02 1.082333994750793726e+00 1.141198253231208160e+00 3.090617715850662250e+00 1.227344118704134068e+00
1.080000000000000000e+02 0.000000000000000000e+00 0.000000000000000000e+00 2.785980512795709907e-01 4.048884346907799525e-02 8.805841092575916740e-02 1.049938092152975511e+00 1.085641069682595994e+00 3.268023742401821252e+00 1.137891178299405670e+00
1.090000000000000000e+02 0.000000000000000000e+00 0.000000000000000000e+00 2.663671684599756562e-01 3.761714240584179691e-02 1.058807184753252084e-01 1.030288983978334461e+00 1.051943934493080546e+00 3.375625936722892462e+00 1.083635227342490959e+00
1.100000000000000000e+02 0.000000000000000000e+00 0.000000000000000000e+00 2.592529448725566232e-01 3.599608934364839641e-02 1.173918379137730561e-01 1.018371197434404518e+00 1.031505588856157951e+00 3.440889966630978680e+00 1.050727329615257055e+00
1.110000000000000000e+02 0.000000000000000000e+00 0.000000000000000000e+00 2.550441722075105777e-01 3.505403919258331946e-02 1.246239834762850052e-01 1.011142694499600481e+00 1.019109105593560605e+00 3.480474601746635255e+00 1.030767680697002087e+00
1.120000000000000000e+02 0.000000000000000000e+00 0.000000000000000000e+00 2.525293043541393945e-01 3.449713300065138100e-02 1.291010818035531749e-01 1.006758385845818893e+00 1.011590258422180533e+00 3.504483896597818227e+00 1.018661541670980331e+00
1.130000000000000000e+02 0.000000000000000000e+00 0.000000000000000000e+00 2.510176383578544002e-01 3.416453537956676278e-02 1.318495956377323530e-01 1.004099168225657035e+00 1.007029847087045127e+00 3.519046270043141522e+00 1.011318797180954521e+00
1.140000000000000000e+02 0.000000000000000000e+00 0.000000000000000000e+00 2.501057423554011727e-01 3.396468057301893495e-02 1.335287350136029616e-01 1.002486271208180790e+00 1.004263817791384517e+00 3.527878796015915253e+00 1.006865197521317867e+00
1.150000000000000000e+02 0.000000000000000000e+00 0.000000000000000000e+00 2.495544675620818276e-01 3.384414581408123901e-02 1.345516151309156250e-01 1.001507999716122477e+00 1.002586136217902935e+00 3.533235993821110643e+00 1.004163952781662372e+00
1.160000000000000000e+02 0.000000000000000000e+00 0.000000000000000000e+00 2.492207685919774485e-01 3.377128766568548990e-02 1.351736501717999417e-01 1.000914648062666279e+00 1.001568570906351319e+00 3.536485298540106736e+00 1.002525565027673871e+00
1.170000000000000000e+02 1.000000000000000000e+00 0.000000000000000000e+00 1.512154508585729085e+00 4.626763442835581941e-01 -4.039265434227949925e-01 1.000554762092853878e+00 1.000951386346635275e+00 3.538456101474927173e+00 1.001531832622382323e+00
1.180000000000000000e+02 1.000000000000000000e+00 0.000000000000000000e+00 6.933230927995530646e-01 3.066990146517423188e-01 1.458251954433909869e+00 1.000336480218162238e+00 1.000577044988466335e+00 3.539651453879146814e+00 1.000929103451022817e+00
1.190000000000000000e+02 0.000000000000000000e+00 0.000000000000000000e+00 6.930404678731360013e-01 3.066219393835339924e-01 3.065153194508067891e-01 2.000204085568702439e+00 1.000349995477538334e+00 2.540376471761467414e+00 1.000563529729090240e+00
1.200000000000000000e+02 1.000000000000000000e+00 0.000000000000000000e+00 7.902381972271994570e-01 1.946090907933973879e-01 -3.689050737925053114e-01 1.606654443867256088e+00 2.000212282987887669e+00 1.934285557623301566e+00 1.000341798058352660e+00
1.210000000000000000e+02 1.000000000000000000e+00 0.000000000000000000e+00 8.086823263351768931e-01 1.974260744602842621e-01 -4.259522871904956043e-01 1.367954520056407608e+00 1.606659415853322725e+00 1.566672835625246840e+00 2.000207311001821253e+00
1.220000000000000000e+02 0.000000000000000000e+00 0.000000000000000000e+00 6.159590116831259454e-01 1.650035291417412120e-01 1.420316090200997583e-01 2.223175697794058436e+00 1.367957535718396622e+00 1.343704448833009657e+00 1.606656400191333711e+00
1.230000000000000000e+02 0.000000000000000000e+00 0.000000000000000000e+00 8.925746336204479769e-01 2.887744872731570211e-01 5.729864892686055144e-01 1.741893562927490979e+00 2.223177526885514066e+00 1.208467286096852389e+00 1.367955706626940993e+00
1.240000000000000000e+02 1.000000000000000000e+00 0.000000000000000000e+00 5.748514145883109050e-01 1.764411026628339707e-01 8.724706695700734649e-01 1.449981192158967147e+00 1.741894672327538363e+00 1.126441800564826234e+00 2.223176417485466683e+00
1.250000000000000000e+02 0.000000000000000000e+00 0.000000000000000000e+00 6.056357625988241233e-01 1.489625828365248594e-01 1.335053580771757009e-01 1.272927389338455617e+00 1.449981865044109863e+00 2.076690828711837078e+00 1.741893999442395646e+00
1.260000000000000000e+02 0.000000000000000000e+00 0.000000000000000000e+00 8.372602443225956037e-01 1.953833487589358153e-01 4.686542648195506366e-01 2.165538829509100260e+00 1.272927797463925037e+00 1.653045998645132686e+00 1.449981456918640443e+00
1.270000000000000000e+02 0.000000000000000000e+00 0.000000000000000000e+00 7.987010276378470053e-01 2.293742620708149049e-01 4.024693911849807071e-01 1.706935035182845173e+00 1.165539077049710492e+00 1.396092420380927734e+00 2.272927549923315027e+00
1.280000000000000000e+02 0.000000000000000000e+00 0.000000000000000000e+00 4.933406046402860068e-01 9.706823557248389633e-02 4.856996482381170654e-02 1.428777773263424811e+00 1.100404525611181406e+00 2.240242197040817729e+00 1.772069586621374260e+00
1.290000000000000000e+02 0.000000000000000000e+00 0.000000000000000000e+00 3.769506673892135673e-01 6.277245424789956729e-02 2.314873611269718801e-02 1.260066865687579085e+00 1.060898423157083936e+00 2.752244917974612903e+00 1.468283875717522280e+00
1.300000000000000000e+02 0.000000000000000000e+00 0.000000000000000000e+00 3.206340746204746628e-01 4.892175144724131286e-02 4.779900709937789927e-02 1.157738527614884161e+00 1.036936760772925181e+00 3.062790266077251466e+00 1.284028528071737618e+00
1.310000000000000000e+02 1.000000000000000000e+00 0.000000000000000000e+00 1.378075248422033994e+00 4.019287230747009554e-01 -5.120381373179199169e-01 1.095673253216355114e+00 1.022403277879250005e+00 3.251145540932633970e+00 1.172272010508559337e+00
1.320000000000000000e+02 0.000000000000000000e+00 0.000000000000000000e+00 6.511262690658209396e-01 2.624618820672507957e-01 2.244581469888183856e-01 1.058028761390169770e+00 1.013588274911827014e+00 3.365388790051023538e+00 1.104488256183778105e+00
1.330000000000000000e+02 0.000000000000000000e+00 0.000000000000000000e+00 6.075452325932386710e-01 1.031929536817339788e-01 1.857725291019161062e-01 2.035196222928286502e+00 1.008241705346627048e+00 2.434680823306515141e+00 1.063375330955369513e+00
1.340000000000000000e+02 0.000000000000000000e+00 0.000000000000000000e+00 6.261738663491898116e-01 1.408794770139085717e-01 1.650629771625623521e-01 1.627878248024720031e+00 1.004998846981046912e+00 1.870177906237164622e+00 2.038439081293867083e+00
1.350000000000000000e+02 0.000000000000000000e+00 0.000000000000000000e+00 4.358383629198512299e-01 7.730962707014676916e-02 2.872954702061680798e-02 1.380827407993646005e+00 1.003031953957216782e+00 2.527789579537385478e+00 1.629845141048550161e+00
1.360000000000000000e+02 1.000000000000000000e+00 0.000000000000000000e+00 1.217132893220825185e+00 3.332248961504200579e-01 -6.104280815155501694e-01 1.230983499007038295e+00 1.001838973033889024e+00 2.926651221578897122e+00 1.382020388916973763e+00
1.370000000000000000e+02 1.000000000000000000e+00 0.000000000000000000e+00 8.021516957624258426e-01 3.361585558852409061e-01 9.644631424371445938e-01 1.140098574035471213e+00 1.001115393527438391e+00 3.168573036460399450e+00 1.231707078513488929e+00
1.380000000000000000e+02 1.000000000000000000e+00 0.000000000000000000e+00 7.606966511211897819e-01 3.254535209726833189e-01 1.135493512602993693e+00 2.084974080534533591e+00 1.000676520372036471e+00 2.315306034439355010e+00 1.140537447190873355e+00
1.390000000000000000e+02 1.000000000000000000e+00 0.000000000000000000e+00 4.334102021365047186e-01 9.959840238408035340e-02 8.943325027958118900e-01 1.658070044837718582e+00 2.000410330347560439e+00 1.797773436792509560e+00 1.085240270559009845e+00
1.400000000000000000e+02 1.000000000000000000e+00 0.000000000000000000e+00 3.389322973178631737e-01 6.105162994778190466e-02 1.014421015947748694e+00 1.399139658432543731e+00 2.606779537649039469e+00 1.483874048918975674e+00 1.051700837536239552e+00
1.410000000000000000e+02 0.000000000000000000e+00 0.000000000000000000e+00 1.356896547113021878e+00 4.276829326107132179e-01 1.500735393795893824e+00 1.242090440346565794e+00 2.974561052983031750e+00 1.293484446108649433e+00 1.031358143098551006e+00
1.420000000000000000e+02 0.000000000000000000e+00 0.000000000000000000e+00 6.798280385360578881e-01 2.508779525704766256e-01 2.453080317265727839e-01 1.146835274493524626e+00 3.197631818108670476e+00 1.178007314713676035e+00 1.019019675220927290e+00
1.430000000000000000e+02 0.000000000000000000e+00 0.000000000000000000e+00 6.845783693895837185e-01 2.704050088453049949e-01 2.649458234247884514e-01 1.089060095907643078e+00 2.332931076442926077e+00 1.107966894026960247e+00 2.011536016159269025e+00
1.440000000000000000e+02 0.000000000000000000e+00 0.000000000000000000e+00 4.123084877441122731e-01 9.242991800549127390e-02 8.909661017955233797e-04 1.054017678724933127e+00 1.808463565146398500e+00 2.065485231461296145e+00 1.613527607204170433e+00
1.450000000000000000e+02 1.000000000000000000e+00 0.000000000000000000e+00 1.270406364554327761e+00 4.147947564442445723e-01 -2.180512864700940856e-01 1.032763378313178881e+00 1.490357939521872677e+00 2.646249460352287919e+00 1.372123304349458950e+00
1.460000000000000000e+02 1.000000000000000000e+00 0.000000000000000000e+00 6.651212924157096085e-01 2.214349152718523284e-01 7.255678359381161346e-01 1.019871993462706961e+00 1.297417124553529089e+00 2.998500771239039686e+00 1.225704193281522469e+00
1.470000000000000000e+02 0.000000000000000000e+00 0.000000000000000000e+00 7.120958255986558072e-01 2.693828793999863414e-01 2.960208636182288799e-01 2.012052973304740533e+00 1.180392604765286402e+00 2.212151991215821845e+00 1.136896513250949425e+00
1.480000000000000000e+02 0.000000000000000000e+00 0.000000000000000000e+00 6.575493624154969963e-01 1.583572111747065803e-01 1.987759688152693216e-01 1.613841157562656559e+00 2.109413645575569429e+00 1.735207346904114489e+00 1.083031932494457728e+00
1.490000000000000000e+02 1.000000000000000000e+00 0.000000000000000000e+00 7.196143321293116957e-01 2.188739456355037749e-01 3.124163476191510469e-01 1.372313482255244743e+00 1.672893390345147946e+00 1.445925797143327474e+00 2.050361412793078486e+00
1.500000000000000000e+02 1.000000000000000000e+00 0.000000000000000000e+00 7.713059191220636990e-01 2.222569221960886132e-01 4.390517944581470711e-02 1.225819542012181351e+00 1.408130471962313113e+00 2.270467667924224386e+00 1.637076400638079576e+00
1.510000000000000000e+02 1.000000000000000000e+00 0.000000000000000000e+00 7.473080923813218979e-01 2.498972092113271870e-01 4.821674713643812615e-01 2.136966475792653419e+00 1.247543644408130259e+00 1.770577592769650765e+00 1.386406369566364205e+00
1.520000000000000000e+02 1.000000000000000000e+00 0.000000000000000000e+00 4.536749119568622701e-01 9.526586350616250698e-02 5.097832134751489885e-01 1.689605026633665741e+00 2.150142809950532641e+00 1.467378935702349230e+00 1.234367310250250593e+00
1.530000000000000000e+02 0.000000000000000000e+00 0.000000000000000000e+00 1.212493405859631723e+00 3.620207236250039262e-01 1.182709893734060991e+00 1.418266591745265481e+00 2.697596877283038541e+00 1.283479654207334342e+00 1.142150959301159840e+00
1.540000000000000000e+02 0.000000000000000000e+00 0.000000000000000000e+00 7.274318086085871382e-01 2.637860390420221357e-01 3.117181735063889736e-01 1.253691511827010441e+00 3.029644553904587756e+00 1.171939101681483741e+00 1.086218915123716267e+00
1.550000000000000000e+02 1.000000000000000000e+00 0.000000000000000000e+00 6.714264780589396242e-01 2.547860733848764658e-01 1.073974143154881045e+00 1.153871680031932190e+00 2.231041650261903264e+00 1.104286336773267818e+00 2.052294415469694933e+00
1.560000000000000000e+02 0.000000000000000000e+00 0.000000000000000000e+00 7.257004196521598116e-01 1.803245473602230753e-01 2.913330733308289178e-01 1.093327891600859081e+00 1.746664504267080975e+00 2.063252860642104114e+00 1.638248826026754035e+00
1.570000000000000000e+02 0.000000000000000000e+00 0.000000000000000000e+00 8.110617671305945242e-01 1.926628270873700366e-01 4.251381350729128705e-01 2.056606227662258313e+00 1.452874914357119129e+00 1.644895459006600058e+00 1.387117481510820927e+00
1.580000000000000000e+02 0.000000000000000000e+00 0.000000000000000000e+00 7.790968061091654295e-01 2.267512720775062274e-01 3.713757540103692634e-01 1.640864072320466382e+00 1.274682520572325783e+00 1.391148868196954602e+00 2.234798621447051659e+00
1.590000000000000000e+02 0.000000000000000000e+00 0.000000000000000000e+00 4.828709772494582109e-01 9.564567658191558408e-02 4.030508715270308961e-02 1.388703708570657280e+00 1.166603370414261764e+00 2.237243781073348536e+00 1.748943222478530402e+00
1.600000000000000000e+02 0.000000000000000000e+00 0.000000000000000000e+00 3.710792227485731343e-01 6.202280602983378799e-02 2.273146321563324079e-02 1.235760716792107861e+00 1.101050052167710458e+00 2.750426286759771521e+00 1.454257026817208587e+00
1.610000000000000000e+02 0.000000000000000000e+00 0.000000000000000000e+00 3.172328387280632933e-01 4.850544531855494057e-02 4.951101316066019997e-02 1.142996103090240467e+00 1.061289954805277436e+00 3.061687210486739197e+00 1.275520814154540883e+00
1.620000000000000000e+02 0.000000000000000000e+00 0.000000000000000000e+00 2.884292266251667902e-01 4.195076455753810052e-02 7.724614397239970565e-02 1.086731520743659418e+00 1.037174236721802423e+00 3.250476503897620884e+00 1.167111821173715702e+00
1.630000000000000000e+02 0.000000000000000000e+00 0.000000000000000000e+00 2.721710087136255951e-01 3.845350256507318321e-02 9.809093985904704383e-02 1.052605326494531646e+00 1.022547314323188461e+00 3.364982998576804718e+00 1.101358443142273380e+00
1.640000000000000000e+02 0.000000000000000000e+00 0.000000000000000000e+00 2.627172630326662373e-01 3.648616767864232280e-02 1.122014567449896028e-01 1.031906743383126823e+00 1.013675637431191490e+00 3.434434698335951275e+00 1.061477003386528395e+00
1.650000000000000000e+02 0.000000000000000000e+00 0.000000000000000000e+00 2.571253800198839978e-01 3.534523004126399748e-02 1.213013510288165619e-01 1.019352418113449676e+00 1.008294693393131380e+00 3.476559283609030437e+00 1.037287687421186932e+00
1.660000000000000000e+02 0.000000000000000000e+00 0.000000000000000000e+00 2.537843795382931922e-01 3.467157853596747330e-02 1.270208306111384466e-01 1.011737834925385382e+00 1.005030985855849934e+00 3.502109136104832210e+00 1.022616125650730901e+00
1.670000000000000000e+02 0.000000000000000000e+00 0.000000000000000000e+00 2.517762420915642951e-01 3.426955586280366894e-02 1.305637761182514289e-01 1.007119356760892037e+00 1.003051447170153709e+00 3.517605904994670851e+00 1.013717373611081607e+00
1.680000000000000000e+02 0.000000000000000000e+00 0.000000000000000000e+00 2.505648941041004885e-01 3.402809226174685620e-02 1.327399446805035410e-01 1.004318108152913336e+00 1.001850796265191468e+00 3.527005170452839344e+00 1.008320007665854057e+00
1.690000000000000000e+02 0.000000000000000000e+00 0.000000000000000000e+00 2.498326035611281026e-01 3.388250216930766001e-02 1.340699055422560626e-01 1.002619064986697062e+00 1.001122564679720384e+00 3.532706113131996339e+00 1.005046339738384642e+00
1.700000000000000000e+02 0.000000000000000000e+00 0.000000000000000000e+00 2.493893367976857400e-01 3.379451355894214082e-02 1.348802682694874022e-01 1.001588543214211535e+00 1.000680869895760772e+00 3.536163909656169224e+00 1.003060759770656452e+00
1.710000000000000000e+02 1.000000000000000000e+00 0.000000000000000000e+00 1.511793183514452910e+00 4.624187363178998700e-01 -4.047129379991902809e-01 1.000963500163697839e+00 1.000412968467054409e+00 3.538261169263128281e+00 1.001856444642918120e+00
1.720000000000000000e+02 0.000000000000000000e+00 0.000000000000000000e+00 6.927098210086503061e-01 3.063268700906899289e-01 3.058899931376213299e-01 1.000584392389920918e+00 1.000250478036762924e+00 3.539533221516125483e+00 1.001125990593989101e+00
1.730000000000000000e+02 0.000000000000000000e+00 0.000000000000000000e+00 5.807881442510500758e-01 9.541425588554974802e-02 1.620739004389464277e-01 2.000354451901789510e+00 1.000151922608881305e+00 2.540304760208324630e+00 1.000682947817802537e+00
1.740000000000000000e+02 1.000000000000000000e+00 0.000000000000000000e+00 7.901949065602725808e-01 1.945900701383760367e-01 -3.689129316070259290e-01 1.606745645658462340e+00 1.000092145720190118e+00 1.934242062367664827e+00 2.000414228790480919e+00
1.750000000000000000e+02 1.000000000000000000e+00 0.000000000000000000e+00 9.580820249580949133e-01 3.732829057258387762e-01 4.710910356967223933e-01 1.368009836738994789e+00 1.000055889204456649e+00 2.566646454419150736e+00 1.606781902174195809e+00
1.760000000000000000e+02 0.000000000000000000e+00 0.000000000000000000e+00 5.487003879318308464e-01 1.822945067880923364e-01 8.219141245336264445e-02 2.223209249058041070e+00 1.000033898516049957e+00 1.950219107535305696e+00 1.368031827427401481e+00
1.770000000000000000e+02 0.000000000000000000e+00 0.000000000000000000e+00 7.443340021627983250e-01 1.913847632163893087e-01 3.175207046870791028e-01 1.741913912797768749e+00 2.000020560489303101e+00 1.576337022164938872e+00 1.223222587084787927e+00
1.780000000000000000e+02 1.000000000000000000e+00 0.000000000000000000e+00 6.579030246126539305e-01 1.937780590722127938e-01 4.232689734351144928e-01 1.449993534979211685e+00 1.606543130279774356e+00 1.349566074270514893e+00 2.135391343007297493e+00
1.790000000000000000e+02 1.000000000000000000e+00 0.000000000000000000e+00 8.040152491760436115e-01 2.356866605849170515e-01 1.293221094218774403e-02 1.272934875637361296e+00 1.367887004952757390e+00 2.212022541640450868e+00 1.688649660306228872e+00
1.800000000000000000e+02 0.000000000000000000e+00 0.000000000000000000e+00 6.220634231396177105e-01 1.913055711046343088e-01 1.513647889435450478e-01 2.165543370178914628e+00 1.223134747813700685e+00 1.735128831767765334e+00 1.417687132776417780e+00
1.810000000000000000e+02 1.000000000000000000e+00 0.000000000000000000e+00 6.135950118460451463e-01 1.537731801408436239e-01 1.724099908502547407e-01 1.706937789238303083e+00 2.135338065796255957e+00 1.445878175305880253e+00 1.253340052196358911e+00
1.820000000000000000e+02 1.000000000000000000e+00 0.000000000000000000e+00 8.221548059799695940e-01 1.886917916135910644e-01 -5.895723309728058137e-01 1.428779443682498540e+00 1.688617346044268386e+00 1.270438783819740625e+00 2.153658508990290876e+00
1.830000000000000000e+02 1.000000000000000000e+00 0.000000000000000000e+00 7.879853524480910920e-01 2.235537508177204424e-01 -3.184219985016942256e-02 2.260067878847961786e+00 1.417667533185792861e+00 1.164029413962069714e+00 1.699729256540974065e+00
1.840000000000000000e+02 1.000000000000000000e+00 0.000000000000000000e+00 4.898888780956446865e-01 9.593837459242227084e-02 1.199719025848786647e-01 1.764269801840352869e+00 2.253328164443726855e+00 1.099488868662690688e+00 1.424407247590027570e+00
1.850000000000000000e+02 0.000000000000000000e+00 0.000000000000000000e+00 1.161625375406582616e+00 3.180851005909915985e-01 1.065395389841555129e+00 1.463553067108672945e+00 2.760181958416477954e+00 1.060343049144045313e+00 1.257416007867602215e+00
1.860000000000000000e+02 0.000000000000000000e+00 0.000000000000000000e+00 8.046547557928912520e-01 3.235450997716209365e-01 4.584779124965904229e-01 1.281159147605237969e+00 3.067604324452621434e+00 1.036599909406409781e+00 1.156130701072529243e+00
1.870000000000000000e+02 0.000000000000000000e+00 0.000000000000000000e+00 7.631914642718596875e-01 3.182092072979394448e-01 3.980871256809913605e-01 1.170531643281246703e+00 2.254065414934942169e+00 1.022198967197692321e+00 2.094698057122917234e+00
1.880000000000000000e+02 0.000000000000000000e+00 0.000000000000000000e+00 4.369811656876403938e-01 9.951592711591006335e-02 5.435419359804641304e-03 1.103432670101254010e+00 1.760629123443287813e+00 2.013464354219355101e+00 1.663967934772901058e+00
1.890000000000000000e+02 0.000000000000000000e+00 0.000000000000000000e+00 3.410664624870044515e-01 6.116607106051907827e-02 2.318244180277562183e-02 1.062735085632352749e+00 1.461344884038699554e+00 2.614697203359903632e+00 1.402716909505842491e+00
1.900000000000000000e+02 0.000000000000000000e+00 0.000000000000000000e+00 2.989288000409953128e-01 4.751806525701640638e-02 6.020820364438983496e-02 1.038050752875719462e+00 1.279819816871040850e+00 2.979363359990026439e+00 1.244260152800011454e+00
1.910000000000000000e+02 0.000000000000000000e+00 0.000000000000000000e+00 2.773724401889510194e-01 4.125496209465229214e-02 8.800459876855026842e-02 1.023078948244272590e+00 1.169719298127460672e+00 3.200544564545765525e+00 1.148151271619299640e+00
1.920000000000000000e+02 0.000000000000000000e+00 0.000000000000000000e+00 2.654939478570663702e-01 3.800692490846824256e-02 1.062865785967181953e-01 1.013998089704072347e+00 1.102939957859213838e+00 3.334697746460992818e+00 1.089858288512519424e+00
1.930000000000000000e+02 1.000000000000000000e+00 0.000000000000000000e+00 1.478715511395421345e+00 4.545489444200510043e-01 -3.938940709216904867e-01 1.008490270582927506e+00 1.062436240551139610e+00 3.416065764390584292e+00 1.054501807012146575e+00
1.940000000000000000e+02 1.000000000000000000e+00 0.000000000000000000e+00 6.908260483778959626e-01 2.933032059040463491e-01 1.339644212200751916e+00 1.005149609417801848e+00 1.037869494171459461e+00 3.465417961984929462e+00 1.033057016962607877e+00
1.950000000000000000e+02 1.000000000000000000e+00 0.000000000000000000e+00 6.917194739907887024e-01 2.984963427944540282e-01 1.386649624603228492e+00 2.003123395997441492e+00 1.022969009282798991e+00 2.495351582950095182e+00 1.020050094306462318e+00
1.960000000000000000e+02 1.000000000000000000e+00 0.000000000000000000e+00 4.071834157101109075e-01 9.412340714740785597e-02 1.114823851400515986e+00 1.608425095147505424e+00 2.013931408353241359e+00 1.906976582109051854e+00 1.012160996926999124e+00
1.970000000000000000e+02 1.000000000000000000e+00 0.000000000000000000e+00 3.258681467070432269e-01 5.888941611199038917e-02 1.161821981950936111e+00 1.369028474345538315e+00 2.614980486011851291e+00 1.550109104690512662e+00 1.007376017488896158e+00
1.980000000000000000e+02 1.000000000000000000e+00 0.000000000000000000e+00 2.905212804530705184e-01 4.637786221567496980e-02 1.208390206907594022e+00 1.223827083997546028e+00 2.979535179603797435e+00 1.333658038181862793e+00 1.004473780753591949e+00
1.990000000000000000e+02 1.000000000000000000e+00 0.000000000000000000e+00 2.725312114726248236e-01 4.063407214052561223e-02 1.239731867853946401e+00 1.135757988918586481e+00 3.200648778409457496e+00 1.202373830016868261e+00 1.002713485191885967e+00
