2.000000000000000000e+00 0.000000000000000000e+00 1.000000000000000000e+00 inf 3.068528194400547138e-01 3.068528194400547138e-01 1.000000000000000000e+00 1.000000000000000000e+00
3.000000000000000000e+00 1.000000000000000000e+00 1.000000000000000000e+00 4.054651081081642738e-01 9.453489189183550412e-02 0.000000000000000000e+00 1.000000000000000000e+00 2.000000000000000000e+00
4.000000000000000000e+00 0.000000000000000000e+00 1.000000000000000000e+00 6.931471805599452862e-01 1.401861527733876400e-01 2.652789553347765228e-01 2.000000000000000000e+00 2.000000000000000000e+00
5.000000000000000000e+00 0.000000000000000000e+00 1.000000000000000000e+00 9.162907318741549956e-01 1.670426014591779307e-01 6.250928025613884387e-01 2.000000000000000000e+00 3.000000000000000000e+00
6.000000000000000000e+00 1.000000000000000000e+00 1.000000000000000000e+00 4.054651081081642738e-01 4.453489189183557073e-02 1.192517596607123309e-01 2.000000000000000000e+00 4.000000000000000000e+00
7.000000000000000000e+00 1.000000000000000000e+00 1.000000000000000000e+00 8.472978603872036718e-01 1.027021396127962838e-01 6.011973816621551947e-01 3.000000000000000000e+00 4.000000000000000000e+00
8.000000000000000000e+00 0.000000000000000000e+00 1.000000000000000000e+00 4.700036292457355769e-01 3.952018027807380207e-02 2.465274553118650402e-01 3.000000000000000000e+00 5.000000000000000000e+00
9.000000000000000000e+00 1.000000000000000000e+00 1.000000000000000000e+00 5.877866649021189493e-01 4.673714462168998551e-02 3.844995654664469242e-01 4.000000000000000000e+00 5.000000000000000000e+00
1.000000000000000000e+01 0.000000000000000000e+00 1.000000000000000000e+00 5.108256237659907217e-01 3.480929686892997310e-02 3.599846430669781938e-01 4.000000000000000000e+00 6.000000000000000000e+00
1.100000000000000000e+01 1.000000000000000000e+00 1.000000000000000000e+00 4.519851237430572710e-01 2.698313022519727156e-02 3.585086795313792152e-01 4.000000000000000000e+00 7.000000000000000000e+00
1.200000000000000000e+01 0.000000000000000000e+00 1.000000000000000000e+00 4.054651081081642738e-01 2.155509391203791481e-02 3.704865882672194743e-01 4.000000000000000000e+00 8.000000000000000000e+00
1.300000000000000000e+01 1.000000000000000000e+00 1.000000000000000000e+00 3.677247801253173964e-01 1.762875522821838459e-02 3.905981610218525191e-01 4.000000000000000000e+00 9.000000000000000000e+00
1.400000000000000000e+01 0.000000000000000000e+00 1.000000000000000000e+00 3.364722366212128946e-01 1.469326454428809825e-02 4.157044485286789381e-01 4.000000000000000000e+00 1.000000000000000000e+01
1.500000000000000000e+01 1.000000000000000000e+00 1.000000000000000000e+00 3.101549283038394500e-01 1.243914429023229573e-02 4.438683268415317684e-01 4.000000000000000000e+00 1.100000000000000000e+01
1.600000000000000000e+01 0.000000000000000000e+00 1.000000000000000000e+00 2.876820724517809014e-01 1.066957589986827770e-02 4.738534249755375072e-01 4.000000000000000000e+00 1.200000000000000000e+01
1.700000000000000000e+01 1.000000000000000000e+00 1.000000000000000000e+00 2.682639865946794266e-01 9.254328423634383682e-03 5.048505157423406331e-01 4.000000000000000000e+00 1.300000000000000000e+01
1.800000000000000000e+01 0.000000000000000000e+00 1.000000000000000000e+00 2.513144282809060548e-01 8.104339226098211668e-03 5.363201692191523762e-01 4.000000000000000000e+00 1.400000000000000000e+01
1.900000000000000000e+01 0.000000000000000000e+00 1.000000000000000000e+00 1.558144618046549912e+00 1.036301268164292466e-01 1.986127362904596794e+00 4.000000000000000000e+00 1.500000000000000000e+01
2.000000000000000000e+01 0.000000000000000000e+00 0.000000000000000000e+00 1.609437912434100282e+00 1.049684113762490156e-01 2.084233547229572991e+00 4.000000000000000000e+00 1.600000000000000000e+01
2.100000000000000000e+01 0.000000000000000000e+00 0.000000000000000000e+00 1.435084525289322732e+00 7.932179852102594353e-02 1.829265135853319180e+00 5.000000000000000000e+00 1.600000000000000000e+01
2.200000000000000000e+01 0.000000000000000000e+00 0.000000000000000000e+00 1.299282984130260887e+00 6.274238729913461654e-02 1.645181432570396396e+00 6.000000000000000000e+00 1.600000000000000000e+01
2.300000000000000000e+01 0.000000000000000000e+00 0.000000000000000000e+00 1.189584066873836221e+00 5.122918334343884439e-02 1.506681469513694083e+00 7.000000000000000000e+00 1.600000000000000000e+01
2.400000000000000000e+01 0.000000000000000000e+00 0.000000000000000000e+00 1.098612288668109782e+00 4.282207956159034268e-02 1.399551665052229055e+00 8.000000000000000000e+00 1.600000000000000000e+01
2.500000000000000000e+01 1.000000000000000000e+00 0.000000000000000000e+00 4.462871026284194742e-01 1.144208189609230431e-02 7.146910684521401436e-01 9.000000000000000000e+00 1.600000000000000000e+01
2.600000000000000000e+01 0.000000000000000000e+00 0.000000000000000000e+00 4.855078157817007689e-01 1.222136874281520846e-02 7.582412810877485754e-01 1.000000000000000000e+01 1.600000000000000000e+01
2.700000000000000000e+01 0.000000000000000000e+00 0.000000000000000000e+00 9.932517730102834452e-01 3.219968923650551318e-02 1.312203728528757551e+00 1.000000000000000000e+01 1.700000000000000000e+01
2.800000000000000000e+01 1.000000000000000000e+00 1.000000000000000000e+00 4.418327522790393425e-01 1.007147833228394518e-02 7.646263328923765812e-01 1.000000000000000000e+01 1.800000000000000000e+01
2.900000000000000000e+01 1.000000000000000000e+00 1.000000000000000000e+00 9.694005571881035843e-01 2.880222781001195997e-02 1.313770090890770348e+00 1.100000000000000000e+01 1.800000000000000000e+01
3.000000000000000000e+01 0.000000000000000000e+00 1.000000000000000000e+00 4.567584024957149769e-01 9.787316895028652652e-03 8.059013396688072817e-01 1.100000000000000000e+01 1.900000000000000000e+01
3.100000000000000000e+01 0.000000000000000000e+00 1.000000000000000000e+00 9.490805546971459172e-01 2.602923134590229282e-02 1.318415304899431817e+00 1.200000000000000000e+01 1.900000000000000000e+01
3.200000000000000000e+01 0.000000000000000000e+00 1.000000000000000000e+00 9.808292530117261876e-01 2.653859754744791744e-02 1.372600606526305000e+00 1.200000000000000000e+01 2.000000000000000000e+01
3.300000000000000000e+01 1.000000000000000000e+00 1.000000000000000000e+00 5.007752879124892642e-01 9.980250380348998362e-03 8.806996967125257925e-01 1.300000000000000000e+01 2.000000000000000000e+01
3.400000000000000000e+01 0.000000000000000000e+00 1.000000000000000000e+00 5.306282510621703752e-01 1.043031753369660919e-02 9.175794440976829947e-01 1.400000000000000000e+01 2.000000000000000000e+01
3.500000000000000000e+01 0.000000000000000000e+00 1.000000000000000000e+00 9.162907318741549956e-01 2.178550343752538865e-02 1.333578557985674706e+00 1.400000000000000000e+01 2.100000000000000000e+01
3.600000000000000000e+01 0.000000000000000000e+00 1.000000000000000000e+00 9.444616088408513965e-01 2.218605504225257263e-02 1.381076705592775511e+00 1.400000000000000000e+01 2.200000000000000000e+01
3.700000000000000000e+01 1.000000000000000000e+00 1.000000000000000000e+00 5.198754592859087253e-01 9.325032746003270034e-03 9.492212564771165262e-01 1.500000000000000000e+01 2.200000000000000000e+01
3.800000000000000000e+01 0.000000000000000000e+00 1.000000000000000000e+00 5.465437063680699259e-01 9.683812690866933082e-03 9.831461518408559641e-01 1.600000000000000000e+01 2.200000000000000000e+01
3.900000000000000000e+01 1.000000000000000000e+00 1.000000000000000000e+00 5.280674302004967346e-01 9.021332877577670217e-03 9.806393726428268565e-01 1.600000000000000000e+01 2.300000000000000000e+01
4.000000000000000000e+01 0.000000000000000000e+00 1.000000000000000000e+00 5.108256237659907217e-01 8.425904083543045431e-03 9.794218301777277702e-01 1.600000000000000000e+01 2.400000000000000000e+01
4.100000000000000000e+01 1.000000000000000000e+00 1.000000000000000000e+00 4.946962418361070535e-01 7.888619346763103835e-03 9.793292594275158081e-01 1.600000000000000000e+01 2.500000000000000000e+01
4.200000000000000000e+01 0.000000000000000000e+00 1.000000000000000000e+00 4.795730802618862199e-01 7.402024823421893274e-03 9.802211278856134413e-01 1.600000000000000000e+01 2.600000000000000000e+01
4.300000000000000000e+01 1.000000000000000000e+00 1.000000000000000000e+00 4.653632496892333159e-01 6.959840744060752371e-03 9.819766122197108871e-01 1.600000000000000000e+01 2.700000000000000000e+01
4.400000000000000000e+01 0.000000000000000000e+00 1.000000000000000000e+00 4.519851237430572710e-01 6.556743606687565062e-03 9.844913623455795459e-01 1.600000000000000000e+01 2.800000000000000000e+01
4.500000000000000000e+01 0.000000000000000000e+00 1.000000000000000000e+00 1.034073767530538479e+00 2.042313256956651557e-02 1.596616924216561983e+00 1.600000000000000000e+01 2.900000000000000000e+01
4.600000000000000000e+01 1.000000000000000000e+00 1.000000000000000000e+00 4.274440148269396111e-01 5.850303137325152392e-03 9.914483697240257243e-01 1.600000000000000000e+01 3.000000000000000000e+01
4.700000000000000000e+01 1.000000000000000000e+00 1.000000000000000000e+00 1.016934257653842488e+00 1.902399510327112964e-02 1.595184986878649624e+00 1.700000000000000000e+01 3.000000000000000000e+01
4.800000000000000000e+01 1.000000000000000000e+00 1.000000000000000000e+00 1.037987666851674762e+00 1.924718165011540805e-02 1.631654950016866223e+00 1.700000000000000000e+01 3.100000000000000000e+01
4.900000000000000000e+01 0.000000000000000000e+00 1.000000000000000000e+00 4.578330936254803030e-01 5.976950518253421052e-03 1.039816297341985774e+00 1.800000000000000000e+01 3.100000000000000000e+01
5.000000000000000000e+01 0.000000000000000000e+00 1.000000000000000000e+00 9.675840262617055876e-01 1.651323387140735122e-02 1.562715564387815448e+00 1.900000000000000000e+01 3.100000000000000000e+01
5.100000000000000000e+01 1.000000000000000000e+00 1.000000000000000000e+00 4.660897299245992387e-01 5.870412968307370249e-03 1.064396040681543809e+00 1.900000000000000000e+01 3.200000000000000000e+01
5.200000000000000000e+01 0.000000000000000000e+00 1.000000000000000000e+00 4.855078157817007689e-01 6.060170248458174314e-03 1.086901120380815655e+00 2.000000000000000000e+01 3.200000000000000000e+01
5.300000000000000000e+01 1.000000000000000000e+00 1.000000000000000000e+00 4.737843520856416246e-01 5.764403175284815717e-03 1.088052488593916678e+00 2.000000000000000000e+01 3.300000000000000000e+01
5.400000000000000000e+01 1.000000000000000000e+00 1.000000000000000000e+00 9.932517730102834452e-01 1.592044507179091184e-02 1.630779472768068672e+00 2.000000000000000000e+01 3.400000000000000000e+01
5.500000000000000000e+01 0.000000000000000000e+00 1.000000000000000000e+00 4.519851237430572710e-01 5.235279555779737137e-03 1.091856048965269110e+00 2.000000000000000000e+01 3.500000000000000000e+01
5.600000000000000000e+01 1.000000000000000000e+00 1.000000000000000000e+00 4.700036292457355769e-01 5.398592234917565236e-03 1.112129860406753323e+00 2.100000000000000000e+01 3.500000000000000000e+01
5.700000000000000000e+01 1.000000000000000000e+00 1.000000000000000000e+00 9.985288301111272524e-01 1.520086752842253475e-02 1.662915887187892849e+00 2.100000000000000000e+01 3.600000000000000000e+01
5.800000000000000000e+01 0.000000000000000000e+00 1.000000000000000000e+00 4.495250979021948035e-01 4.928919735518455525e-03 1.116028460447267889e+00 2.100000000000000000e+01 3.700000000000000000e+01
5.900000000000000000e+01 1.000000000000000000e+00 1.000000000000000000e+00 4.666195312614950241e-01 5.075865686558600487e-03 1.135158234602329230e+00 2.200000000000000000e+01 3.700000000000000000e+01
6.000000000000000000e+01 0.000000000000000000e+00 1.000000000000000000e+00 4.567584024957149769e-01 4.859119967688840802e-03 1.136953646973495324e+00 2.200000000000000000e+01 3.800000000000000000e+01
6.100000000000000000e+01 0.000000000000000000e+00 1.000000000000000000e+00 1.019831410814995287e+00 1.468029737401455037e-02 1.721655379398015384e+00 2.200000000000000000e+01 3.900000000000000000e+01
6.200000000000000000e+01 1.000000000000000000e+00 1.000000000000000000e+00 4.382549309311553065e-01 4.465885707161554308e-03 1.141601748857539178e+00 2.200000000000000000e+01 4.000000000000000000e+01
6.300000000000000000e+01 0.000000000000000000e+00 1.000000000000000000e+00 4.542552722775964336e-01 4.594576618784707023e-03 1.159046594248508200e+00 2.300000000000000000e+01 4.000000000000000000e+01
6.400000000000000000e+01 1.000000000000000000e+00 1.000000000000000000e+00 4.453110166553640448e-01 4.411848114025396228e-03 1.161198049375798291e+00 2.300000000000000000e+01 4.100000000000000000e+01
6.500000000000000000e+01 0.000000000000000000e+00 1.000000000000000000e+00 4.367176516122689423e-01 4.239969254683728650e-03 1.163645957359335625e+00 2.300000000000000000e+01 4.200000000000000000e+01
6.600000000000000000e+01 0.000000000000000000e+00 1.000000000000000000e+00 1.054160526097275730e+00 1.430174277583873277e-02 1.802295251495422690e+00 2.300000000000000000e+01 4.300000000000000000e+01
6.700000000000000000e+01 1.000000000000000000e+00 1.000000000000000000e+00 4.205029854727048710e-01 3.925428167363520515e-03 1.169334825304702008e+00 2.300000000000000000e+01 4.400000000000000000e+01
6.800000000000000000e+01 0.000000000000000000e+00 1.000000000000000000e+00 4.353180712578456624e-01 4.035715516554461146e-03 1.184770191010557028e+00 2.400000000000000000e+01 4.400000000000000000e+01
6.900000000000000000e+01 0.000000000000000000e+00 1.000000000000000000e+00 1.056052674249313705e+00 1.371410439301445905e-02 1.825853349714748219e+00 2.400000000000000000e+01 4.500000000000000000e+01
7.000000000000000000e+01 0.000000000000000000e+00 1.000000000000000000e+00 1.070441411701413381e+00 1.381812056410058887e-02 1.850950475388117411e+00 2.400000000000000000e+01 4.600000000000000000e+01
7.100000000000000000e+01 1.000000000000000000e+00 1.000000000000000000e+00 4.340384805522203848e-01 3.850161534532325902e-03 1.205047178930954033e+00 2.500000000000000000e+01 4.600000000000000000e+01
7.200000000000000000e+01 0.000000000000000000e+00 1.000000000000000000e+00 4.480247225269604061e-01 3.948426602043753064e-03 1.220141665303970058e+00 2.600000000000000000e+01 4.600000000000000000e+01
7.300000000000000000e+01 0.000000000000000000e+00 1.000000000000000000e+00 1.032362903126909037e+00 1.248907268879762000e-02 1.822960954277561996e+00 2.600000000000000000e+01 4.700000000000000000e+01
7.400000000000000000e+01 0.000000000000000000e+00 1.000000000000000000e+00 1.045968555182687609e+00 1.258205077000429384e-02 1.846547146406692264e+00 2.600000000000000000e+01 4.800000000000000000e+01
7.500000000000000000e+01 1.000000000000000000e+00 1.000000000000000000e+00 4.462871026284194742e-01 3.771352860510113203e-03 1.238986458686497372e+00 2.700000000000000000e+01 4.800000000000000000e+01
7.600000000000000000e+01 0.000000000000000000e+00 1.000000000000000000e+00 4.595323293784401852e-01 3.859459443821044999e-03 1.253701791880473593e+00 2.800000000000000000e+01 4.800000000000000000e+01
7.700000000000000000e+01 1.000000000000000000e+00 1.000000000000000000e+00 4.519851237430572710e-01 3.731226482712735049e-03 1.255324788576956507e+00 2.800000000000000000e+01 4.900000000000000000e+01
7.800000000000000000e+01 0.000000000000000000e+00 1.000000000000000000e+00 4.446858212614457906e-01 3.609378686025621619e-03 1.257159424803035108e+00 2.800000000000000000e+01 5.000000000000000000e+01
7.900000000000000000e+01 1.000000000000000000e+00 1.000000000000000000e+00 4.376222197426957172e-01 3.493493025297667032e-03 1.259191071757925329e+00 2.800000000000000000e+01 5.100000000000000000e+01
8.000000000000000000e+01 1.000000000000000000e+00 1.000000000000000000e+00 1.049822124498677844e+00 1.170040119475945772e-02 1.888762619506223928e+00 2.800000000000000000e+01 5.200000000000000000e+01
8.100000000000000000e+01 1.000000000000000000e+00 1.000000000000000000e+00 1.062244644497234880e+00 1.177788119620171159e-02 1.910379438119718998e+00 2.800000000000000000e+01 5.300000000000000000e+01
8.200000000000000000e+01 0.000000000000000000e+00 1.000000000000000000e+00 4.364273337121312712e-01 3.353673548281754790e-03 1.276705717502920834e+00 2.900000000000000000e+01 5.300000000000000000e+01
8.300000000000000000e+01 1.000000000000000000e+00 1.000000000000000000e+00 4.485486942444761871e-01 3.427434967160358781e-03 1.289865459691725391e+00 3.000000000000000000e+01 5.300000000000000000e+01
8.400000000000000000e+01 0.000000000000000000e+00 1.000000000000000000e+00 4.418327522790393425e-01 3.323645175372647032e-03 1.291666485738517167e+00 3.000000000000000000e+01 5.400000000000000000e+01
8.500000000000000000e+01 1.000000000000000000e+00 1.000000000000000000e+00 4.353180712578456624e-01 3.224569582812364388e-03 1.293633845854060382e+00 3.000000000000000000e+01 5.500000000000000000e+01
8.600000000000000000e+01 0.000000000000000000e+00 1.000000000000000000e+00 4.289956055183584138e-01 3.129923022832770130e-03 1.295756869854187698e+00 3.000000000000000000e+01 5.600000000000000000e+01
8.700000000000000000e+01 1.000000000000000000e+00 1.000000000000000000e+00 4.228568508200336029e-01 3.039441840761547553e-03 1.298025617927635267e+00 3.000000000000000000e+01 5.700000000000000000e+01
8.800000000000000000e+01 0.000000000000000000e+00 1.000000000000000000e+00 4.168938039317869881e-01 2.952881953450336994e-03 1.300430822184864610e+00 3.000000000000000000e+01 5.800000000000000000e+01
8.900000000000000000e+01 1.000000000000000000e+00 1.000000000000000000e+00 4.110989258264202695e-01 2.870017112104328305e-03 1.302963833648277614e+00 3.000000000000000000e+01 5.900000000000000000e+01
9.000000000000000000e+01 0.000000000000000000e+00 1.000000000000000000e+00 4.054651081081642738e-01 2.790637344166846390e-03 1.305616574106181815e+00 3.000000000000000000e+01 6.000000000000000000e+01
9.100000000000000000e+01 1.000000000000000000e+00 1.000000000000000000e+00 3.999856423435387276e-01 2.714547553240187483e-03 1.308381492317607808e+00 3.000000000000000000e+01 6.100000000000000000e+01
9.200000000000000000e+01 0.000000000000000000e+00 1.000000000000000000e+00 3.946541920039487450e-01 2.641566258890115648e-03 1.311251524119427359e+00 3.000000000000000000e+01 6.200000000000000000e+01
9.300000000000000000e+01 1.000000000000000000e+00 1.000000000000000000e+00 3.894647667617231468e-01 2.571524460445395732e-03 1.314220056037299855e+00 3.000000000000000000e+01 6.300000000000000000e+01
9.400000000000000000e+01 0.000000000000000000e+00 1.000000000000000000e+00 3.844116989103320559e-01 2.504264610858619733e-03 1.317280892047847374e+00 3.000000000000000000e+01 6.400000000000000000e+01
9.500000000000000000e+01 1.000000000000000000e+00 1.000000000000000000e+00 3.794896217049036902e-01 2.439639688627259773e-03 1.320428223181636440e+00 3.000000000000000000e+01 6.500000000000000000e+01
9.600000000000000000e+01 1.000000000000000000e+00 1.000000000000000000e+00 1.163150809805680863e+00 1.154187349603841284e-02 2.121278321190800398e+00 3.000000000000000000e+01 6.600000000000000000e+01
9.700000000000000000e+01 0.000000000000000000e+00 1.000000000000000000e+00 3.700183591124167615e-01 2.317754201127897318e-03 1.326960905512237332e+00 3.000000000000000000e+01 6.700000000000000000e+01
9.800000000000000000e+01 0.000000000000000000e+00 1.000000000000000000e+00 1.150980274185425589e+00 1.110502080013819892e-02 2.115423612407539622e+00 3.100000000000000000e+01 6.700000000000000000e+01
9.900000000000000000e+01 1.000000000000000000e+00 1.000000000000000000e+00 3.756121449584832739e-01 2.311955203900595279e-03 1.339095966832701379e+00 3.100000000000000000e+01 6.800000000000000000e+01
1.000000000000000000e+02 0.000000000000000000e+00 1.000000000000000000e+00 3.856624808119847869e-01 2.362629451412523451e-03 1.348141256065844118e+00 3.200000000000000000e+01 6.800000000000000000e+01
1.010000000000000000e+02 1.000000000000000000e+00 1.000000000000000000e+00 3.810140122440001664e-01 2.305215666441817746e-03 1.351072744261557546e+00 3.200000000000000000e+01 6.900000000000000000e+01
1.020000000000000000e+02 0.000000000000000000e+00 1.000000000000000000e+00 3.764775712349121006e-01 2.249893151371473721e-03 1.354076755170012802e+00 3.200000000000000000e+01 7.000000000000000000e+01
1.030000000000000000e+02 1.000000000000000000e+00 1.000000000000000000e+00 3.720491111883202917e-01 2.196560480868470222e-03 1.357148990870086891e+00 3.200000000000000000e+01 7.100000000000000000e+01
1.040000000000000000e+02 0.000000000000000000e+00 1.000000000000000000e+00 3.677247801253173964e-01 2.145122365681650933e-03 1.360285399075166879e+00 3.200000000000000000e+01 7.200000000000000000e+01
1.050000000000000000e+02 1.000000000000000000e+00 1.000000000000000000e+00 3.635009090091322892e-01 2.095489208372214307e-03 1.363482157051407739e+00 3.200000000000000000e+01 7.300000000000000000e+01
1.060000000000000000e+02 0.000000000000000000e+00 1.000000000000000000e+00 3.593740009078972841e-01 2.047576696437403143e-03 1.366735656753576222e+00 3.200000000000000000e+01 7.400000000000000000e+01
1.070000000000000000e+02 1.000000000000000000e+00 1.000000000000000000e+00 3.553407209255957655e-01 2.001305429370603406e-03 1.370042491071842505e+00 3.200000000000000000e+01 7.500000000000000000e+01
1.080000000000000000e+02 0.000000000000000000e+00 1.000000000000000000e+00 3.513978868378885845e-01 1.956600576269451608e-03 1.373399441094250051e+00 3.200000000000000000e+01 7.600000000000000000e+01
1.090000000000000000e+02 1.000000000000000000e+00 1.000000000000000000e+00 3.475424603754598829e-01 1.913391561108923611e-03 1.376803464299712232e+00 3.200000000000000000e+01 7.700000000000000000e+01
1.100000000000000000e+02 0.000000000000000000e+00 1.000000000000000000e+00 3.437715391028244860e-01 1.871611773347936492e-03 1.380251683604797108e+00 3.200000000000000000e+01 7.800000000000000000e+01
1.110000000000000000e+02 1.000000000000000000e+00 1.000000000000000000e+00 3.400823488453125765e-01 1.831198301247560778e-03 1.383741377192791333e+00 3.200000000000000000e+01 7.900000000000000000e+01
1.120000000000000000e+02 0.000000000000000000e+00 1.000000000000000000e+00 3.364722366212128946e-01 1.792091686250607552e-03 1.387269969061435404e+00 3.200000000000000000e+01 8.000000000000000000e+01
1.130000000000000000e+02 1.000000000000000000e+00 1.000000000000000000e+00 3.329386640399017994e-01 1.754235696139971878e-03 1.390835020232316310e+00 3.200000000000000000e+01 8.100000000000000000e+01
1.140000000000000000e+02 0.000000000000000000e+00 1.000000000000000000e+00 3.294792011302423163e-01 1.717577115578627911e-03 1.394434220568200544e+00 3.200000000000000000e+01 8.200000000000000000e+01
1.150000000000000000e+02 1.000000000000000000e+00 1.000000000000000000e+00 3.260915205666520822e-01 1.682065552512490569e-03 1.398065381150331632e+00 3.200000000000000000e+01 8.300000000000000000e+01
1.160000000000000000e+02 0.000000000000000000e+00 1.000000000000000000e+00 3.227733922630510177e-01 1.647653258931569553e-03 1.401726427174594392e+00 3.200000000000000000e+01 8.400000000000000000e+01
1.170000000000000000e+02 1.000000000000000000e+00 1.000000000000000000e+00 3.195226783074396892e-01 1.614294964965345969e-03 1.405415391321298557e+00 3.200000000000000000e+01 8.500000000000000000e+01
1.180000000000000000e+02 1.000000000000000000e+00 1.000000000000000000e+00 1.304948721665938116e+00 1.146309930188049719e-02 2.407622952598558186e+00 3.200000000000000000e+01 8.600000000000000000e+01
1.190000000000000000e+02 0.000000000000000000e+00 1.000000000000000000e+00 3.132153744569455833e-01 1.550570774553783338e-03 1.412869705408752452e+00 3.200000000000000000e+01 8.700000000000000000e+01
1.200000000000000000e+02 1.000000000000000000e+00 1.000000000000000000e+00 3.215836241274623308e-01 1.585682448580705284e-03 1.418177621170684688e+00 3.300000000000000000e+01 8.700000000000000000e+01
1.210000000000000000e+02 0.000000000000000000e+00 1.000000000000000000e+00 3.184537311185345887e-01 1.554655917268554788e-03 1.421764352515083374e+00 3.300000000000000000e+01 8.800000000000000000e+01
1.220000000000000000e+02 1.000000000000000000e+00 1.000000000000000000e+00 3.153846750011166655e-01 1.524538480975223820e-03 1.425374985853977705e+00 3.300000000000000000e+01 8.900000000000000000e+01
1.230000000000000000e+02 0.000000000000000000e+00 1.000000000000000000e+00 3.123746850421524335e-01 1.495294695224913539e-03 1.429007934939932056e+00 3.300000000000000000e+01 9.000000000000000000e+01
1.240000000000000000e+02 1.000000000000000000e+00 1.000000000000000000e+00 3.094220590881868183e-01 1.466890838908163630e-03 1.432661691735120257e+00 3.300000000000000000e+01 9.100000000000000000e+01
1.250000000000000000e+02 0.000000000000000000e+00 1.000000000000000000e+00 3.065251602532608199e-01 1.439294813834202102e-03 1.436334822165235892e+00 3.300000000000000000e+01 9.200000000000000000e+01
1.260000000000000000e+02 0.000000000000000000e+00 1.000000000000000000e+00 1.339774345484997742e+00 1.125452798311510350e-02 2.485959945752483691e+00 3.300000000000000000e+01 9.300000000000000000e+01
1.270000000000000000e+02 1.000000000000000000e+00 1.000000000000000000e+00 3.008923041885873673e-01 1.386405425585657269e-03 1.443733813783637743e+00 3.300000000000000000e+01 9.400000000000000000e+01
1.280000000000000000e+02 0.000000000000000000e+00 1.000000000000000000e+00 3.087354816496132859e-01 1.417243712604765449e-03 1.448195988867155393e+00 3.400000000000000000e+01 9.400000000000000000e+01
1.290000000000000000e+02 1.000000000000000000e+00 1.000000000000000000e+00 3.059355127611312897e-01 1.391414728732165429e-03 1.451765447282241439e+00 3.400000000000000000e+01 9.500000000000000000e+01
1.300000000000000000e+02 0.000000000000000000e+00 1.000000000000000000e+00 3.031862589877461489e-01 1.366290697156991030e-03 1.455351592732995414e+00 3.400000000000000000e+01 9.600000000000000000e+01
1.310000000000000000e+02 1.000000000000000000e+00 1.000000000000000000e+00 3.004863446977686925e-01 1.341846012760328222e-03 1.458953250753779685e+00 3.400000000000000000e+01 9.700000000000000000e+01
1.320000000000000000e+02 0.000000000000000000e+00 1.000000000000000000e+00 2.978344439157989409e-01 1.318056230473985124e-03 1.462569301963071666e+00 3.400000000000000000e+01 9.800000000000000000e+01
1.330000000000000000e+02 0.000000000000000000e+00 1.000000000000000000e+00 1.363988603605592376e+00 1.101385428285084345e-02 2.544676961050413411e+00 3.400000000000000000e+01 9.900000000000000000e+01
1.340000000000000000e+02 0.000000000000000000e+00 1.000000000000000000e+00 1.371479275334750003e+00 1.104197954617447408e-02 2.558419657033255135e+00 3.400000000000000000e+01 1.000000000000000000e+02
1.350000000000000000e+02 0.000000000000000000e+00 1.000000000000000000e+00 1.349926716949015892e+00 1.064545979319220237e-02 2.532891285915525259e+00 3.500000000000000000e+01 1.000000000000000000e+02
1.360000000000000000e+02 1.000000000000000000e+00 1.000000000000000000e+00 3.074846997479605548e-01 1.327357207465240663e-03 1.477893113742993592e+00 3.600000000000000000e+01 1.000000000000000000e+02
1.370000000000000000e+02 1.000000000000000000e+00 1.000000000000000000e+00 1.309063013183900503e+00 9.920305792975980808e-03 2.485145108642541345e+00 3.700000000000000000e+01 1.000000000000000000e+02
1.380000000000000000e+02 0.000000000000000000e+00 1.000000000000000000e+00 3.121331683159453418e-01 1.331099888950859622e-03 1.485571069651655307e+00 3.700000000000000000e+01 1.010000000000000000e+02
1.390000000000000000e+02 1.000000000000000000e+00 1.000000000000000000e+00 3.193534162894324235e-01 1.357228727036918769e-03 1.490117006738159944e+00 3.800000000000000000e+01 1.010000000000000000e+02
1.400000000000000000e+02 0.000000000000000000e+00 1.000000000000000000e+00 3.166696093250331301e-01 1.334290196757237368e-03 1.493247277120644867e+00 3.800000000000000000e+01 1.020000000000000000e+02
1.410000000000000000e+02 1.000000000000000000e+00 1.000000000000000000e+00 3.140309021485324092e-01 1.311932947488436696e-03 1.496394779640922934e+00 3.800000000000000000e+01 1.030000000000000000e+02
1.420000000000000000e+02 0.000000000000000000e+00 1.000000000000000000e+00 3.114361584598880350e-01 1.290137353619158489e-03 1.499558505992240498e+00 3.800000000000000000e+01 1.040000000000000000e+02
1.430000000000000000e+02 0.000000000000000000e+00 1.000000000000000000e+00 1.325258470533521526e+00 9.715022150771801535e-03 2.527557819030676001e+00 3.800000000000000000e+01 1.050000000000000000e+02
1.440000000000000000e+02 0.000000000000000000e+00 1.000000000000000000e+00 1.332227139849614828e+00 9.739359827698024219e-03 2.540274948399996902e+00 3.800000000000000000e+01 1.060000000000000000e+02
1.450000000000000000e+02 1.000000000000000000e+00 1.000000000000000000e+00 3.132946483085072287e-01 1.272158324372441029e-03 1.510080339972319052e+00 3.900000000000000000e+01 1.060000000000000000e+02
1.460000000000000000e+02 0.000000000000000000e+00 1.000000000000000000e+00 3.201675275962692635e-01 1.295830760755123379e-03 1.514450385063469184e+00 4.000000000000000000e+01 1.060000000000000000e+02
1.470000000000000000e+02 0.000000000000000000e+00 1.000000000000000000e+00 1.301553132664799994e+00 9.146863134863458811e-03 2.509240506813739557e+00 4.000000000000000000e+01 1.070000000000000000e+02
1.480000000000000000e+02 1.000000000000000000e+00 1.000000000000000000e+00 3.150810466398953902e-01 1.254591217374922962e-03 1.520403911115181472e+00 4.000000000000000000e+01 1.080000000000000000e+02
1.490000000000000000e+02 0.000000000000000000e+00 1.000000000000000000e+00 3.218150788212393865e-01 1.277315792804323280e-03 1.524747527390900359e+00 4.100000000000000000e+01 1.080000000000000000e+02
1.500000000000000000e+02 0.000000000000000000e+00 1.000000000000000000e+00 1.297063227391948015e+00 8.907655648891399380e-03 2.513060109420734989e+00 4.100000000000000000e+01 1.090000000000000000e+02
1.510000000000000000e+02 1.000000000000000000e+00 1.000000000000000000e+00 3.167994710225081612e-01 1.237428468290779904e-03 1.530535659653764924e+00 4.100000000000000000e+01 1.100000000000000000e+02
1.520000000000000000e+02 0.000000000000000000e+00 1.000000000000000000e+00 3.234001550538602721e-01 1.259260993241362314e-03 1.534850913169520936e+00 4.200000000000000000e+01 1.100000000000000000e+02
1.530000000000000000e+02 1.000000000000000000e+00 1.000000000000000000e+00 3.209077200801013774e-01 1.239734244513179817e-03 1.537658637822119090e+00 4.200000000000000000e+01 1.110000000000000000e+02
1.540000000000000000e+02 0.000000000000000000e+00 1.000000000000000000e+00 3.184537311185345887e-01 1.220661909486331353e-03 1.540481789993350503e+00 4.200000000000000000e+01 1.120000000000000000e+02
1.550000000000000000e+02 1.000000000000000000e+00 1.000000000000000000e+00 3.160372982069060699e-01 1.202029886050226537e-03 1.543319569642562783e+00 4.200000000000000000e+01 1.130000000000000000e+02
1.560000000000000000e+02 1.000000000000000000e+00 1.000000000000000000e+00 1.312186388966168682e+00 8.743447872758380868e-03 2.552259661405742008e+00 4.200000000000000000e+01 1.140000000000000000e+02
1.570000000000000000e+02 1.000000000000000000e+00 1.000000000000000000e+00 1.318576187064939731e+00 8.763906184248604347e-03 2.563896349607148295e+00 4.200000000000000000e+01 1.150000000000000000e+02
1.580000000000000000e+02 0.000000000000000000e+00 1.000000000000000000e+00 3.176629046637167719e-01 1.186232147627919176e-03 1.553010913736443399e+00 4.300000000000000000e+01 1.150000000000000000e+02
1.590000000000000000e+02 1.000000000000000000e+00 1.000000000000000000e+00 3.239720738569814018e-01 1.206176878419285003e-03 1.557164062726883458e+00 4.400000000000000000e+01 1.150000000000000000e+02
1.600000000000000000e+02 1.000000000000000000e+00 1.000000000000000000e+00 1.290984181315565582e+00 8.278423022349379323e-03 2.536331547627014515e+00 4.400000000000000000e+01 1.160000000000000000e+02
1.610000000000000000e+02 1.000000000000000000e+00 1.000000000000000000e+00 1.297214731066201665e+00 8.297873271709832466e-03 2.547643265016859004e+00 4.400000000000000000e+01 1.170000000000000000e+02
1.620000000000000000e+02 0.000000000000000000e+00 1.000000000000000000e+00 3.254224004346280008e-01 1.189996772002821501e-03 1.566656364738264529e+00 4.500000000000000000e+01 1.170000000000000000e+02
1.630000000000000000e+02 1.000000000000000000e+00 1.000000000000000000e+00 3.315762660090061376e-01 1.208970703814316039e-03 1.570939377477770904e+00 4.600000000000000000e+01 1.170000000000000000e+02
1.640000000000000000e+02 0.000000000000000000e+00 1.000000000000000000e+00 3.291818033585336978e-01 1.191394132416867535e-03 1.573453336877264519e+00 4.600000000000000000e+01 1.180000000000000000e+02
1.650000000000000000e+02 0.000000000000000000e+00 1.000000000000000000e+00 1.277304077411485439e+00 7.875581908093565175e-03 2.533165965549073917e+00 4.600000000000000000e+01 1.190000000000000000e+02
1.660000000000000000e+02 1.000000000000000000e+00 1.000000000000000000e+00 3.244960455744972383e-01 1.157381336940765948e-03 1.578526137795165596e+00 4.600000000000000000e+01 1.200000000000000000e+02
1.670000000000000000e+02 0.000000000000000000e+00 1.000000000000000000e+00 3.305020696347091280e-01 1.175453662283665324e-03 1.582680457053697864e+00 4.700000000000000000e+01 1.200000000000000000e+02
1.680000000000000000e+02 1.000000000000000000e+00 1.000000000000000000e+00 3.281734338065178669e-01 1.158780109223656041e-03 1.585147717962286151e+00 4.700000000000000000e+01 1.210000000000000000e+02
1.690000000000000000e+02 0.000000000000000000e+00 1.000000000000000000e+00 3.258776701898168926e-01 1.142461868402833147e-03 1.587629236947691425e+00 4.700000000000000000e+01 1.220000000000000000e+02
1.700000000000000000e+02 0.000000000000000000e+00 1.000000000000000000e+00 1.285650835340203191e+00 7.731960658529324348e-03 2.558766598782995061e+00 4.700000000000000000e+01 1.230000000000000000e+02
1.710000000000000000e+02 1.000000000000000000e+00 1.000000000000000000e+00 3.213819908976230377e-01 -inf 1.592632509043824030e+00 4.700000000000000000e+01 1.240000000000000000e+02
1.720000000000000000e+02 0.000000000000000000e+00 1.000000000000000000e+00 3.272129112084162239e-01 nan inf 4.800000000000000000e+01 1.240000000000000000e+02
1.730000000000000000e+02 0.000000000000000000e+00 1.000000000000000000e+00 1.282090583589888144e+00 nan inf 4.800000000000000000e+01 1.250000000000000000e+02
1.740000000000000000e+02 1.000000000000000000e+00 1.000000000000000000e+00 3.227733922630510177e-01 nan inf 4.800000000000000000e+01 1.260000000000000000e+02
1.750000000000000000e+02 0.000000000000000000e+00 1.000000000000000000e+00 3.285040669720361017e-01 nan inf 4.900000000000000000e+01 1.260000000000000000e+02
1.760000000000000000e+02 1.000000000000000000e+00 1.000000000000000000e+00 3.262969085795603963e-01 nan inf 4.900000000000000000e+01 1.270000000000000000e+02
1.770000000000000000e+02 0.000000000000000000e+00 1.000000000000000000e+00 3.241194686542119840e-01 nan inf 4.900000000000000000e+01 1.280000000000000000e+02
1.780000000000000000e+02 0.000000000000000000e+00 1.000000000000000000e+00 1.289963252181458575e+00 nan inf 4.900000000000000000e+01 1.290000000000000000e+02
1.790000000000000000e+02 0.000000000000000000e+00 1.000000000000000000e+00 1.295565507730128463e+00 nan inf 4.900000000000000000e+01 1.300000000000000000e+02
1.800000000000000000e+02 1.000000000000000000e+00 1.000000000000000000e+00 3.254224004346280008e-01 nan inf 5.000000000000000000e+01 1.300000000000000000e+02
1.810000000000000000e+02 0.000000000000000000e+00 1.000000000000000000e+00 3.309625808102434341e-01 nan inf 5.100000000000000000e+01 1.300000000000000000e+02
1.820000000000000000e+02 1.000000000000000000e+00 1.000000000000000000e+00 3.288093638756438009e-01 nan inf 5.100000000000000000e+01 1.310000000000000000e+02
1.830000000000000000e+02 0.000000000000000000e+00 1.000000000000000000e+00 3.266842302550500565e-01 nan inf 5.100000000000000000e+01 1.320000000000000000e+02
1.840000000000000000e+02 0.000000000000000000e+00 1.000000000000000000e+00 1.283110124884659919e+00 nan inf 5.100000000000000000e+01 1.330000000000000000e+02
1.850000000000000000e+02 0.000000000000000000e+00 1.000000000000000000e+00 1.288530192353998904e+00 nan inf 5.100000000000000000e+01 1.340000000000000000e+02
1.860000000000000000e+02 1.000000000000000000e+00 1.000000000000000000e+00 3.279068737622898300e-01 nan inf 5.200000000000000000e+01 1.340000000000000000e+02
1.870000000000000000e+02 0.000000000000000000e+00 1.000000000000000000e+00 3.332688169036752690e-01 nan inf 5.300000000000000000e+01 1.340000000000000000e+02
1.880000000000000000e+02 1.000000000000000000e+00 1.000000000000000000e+00 3.311671843915197644e-01 nan inf 5.300000000000000000e+01 1.350000000000000000e+02
1.890000000000000000e+02 0.000000000000000000e+00 1.000000000000000000e+00 3.290921293235904432e-01 nan inf 5.300000000000000000e+01 1.360000000000000000e+02
1.900000000000000000e+02 1.000000000000000000e+00 1.000000000000000000e+00 3.270431463323612009e-01 nan inf 5.300000000000000000e+01 1.370000000000000000e+02
1.910000000000000000e+02 1.000000000000000000e+00 1.000000000000000000e+00 1.281981514494507923e+00 nan inf 5.300000000000000000e+01 1.380000000000000000e+02
1.920000000000000000e+02 0.000000000000000000e+00 1.000000000000000000e+00 3.230214388970898964e-01 nan inf 5.300000000000000000e+01 1.390000000000000000e+02
1.930000000000000000e+02 1.000000000000000000e+00 1.000000000000000000e+00 3.282162557741937770e-01 nan inf 5.400000000000000000e+01 1.390000000000000000e+02
1.940000000000000000e+02 0.000000000000000000e+00 1.000000000000000000e+00 3.262157364540238524e-01 nan nan 5.400000000000000000e+01 1.400000000000000000e+02
1.950000000000000000e+02 1.000000000000000000e+00 1.000000000000000000e+00 3.242396681855785334e-01 nan nan 5.400000000000000000e+01 1.410000000000000000e+02
1.960000000000000000e+02 1.000000000000000000e+00 1.000000000000000000e+00 1.289130612666242959e+00 nan nan 5.400000000000000000e+01 1.420000000000000000e+02
1.970000000000000000e+02 0.000000000000000000e+00 1.000000000000000000e+00 3.203590984780811390e-01 nan nan 5.400000000000000000e+01 1.430000000000000000e+02
1.980000000000000000e+02 0.000000000000000000e+00 1.000000000000000000e+00 1.280933845462064236e+00 nan nan 5.500000000000000000e+01 1.430000000000000000e+02
1.990000000000000000e+02 1.000000000000000000e+00 1.000000000000000000e+00 3.234915251484917209e-01 nan nan 5.500000000000000000e+01 1.440000000000000000e+02
